0.856018	0.541382	
0.839233	0.588989	
0.846863	0.455322	
0.843811	0.378113	
0.845337	0.339966	
0.852966	1.00708	
0.845337	0.469971	
0.865173	0.437622	
0.857544	0.397339	
0.874329	0.310364	
0.868225	0.290833	
0.918579	0.227051	
0.91095	-0.071106	
0.918579	0.172729	
0.917053	0.350342	
0.907898	0.209351	
0.91095	0.262146	
0.897217	0.268555	
0.920105	0.374146	
0.90332	0.884399	
0.920105	0.386963	
0.895691	0.490723	
0.892639	0.451965	
0.888062	0.474243	
0.892639	0.498962	
0.895691	0.473022	
0.880432	0.413208	
0.891113	0.402527	
0.878906	0.4953	
0.891113	0.575256	
0.874329	0.39032	
0.888062	0.470886	
0.866699	0.405884	
0.872803	0.338135	
0.869751	0.310059	
0.860596	0.442505	
0.863647	0.454407	
0.860596	0.401306	
0.866699	0.484314	
0.842285	0.419922	
0.846863	0.337524	
0.823975	0.696716	
0.834656	0.306702	
0.819397	0.354919	
0.8255	0.289001	
0.817871	0.322876	
0.80719	0.271912	
0.804138	0.328369	
0.796509	0.198669	
0.804138	0.32135	
0.790405	0.204468	
0.804138	0.444641	
0.790405	0.169067	
0.804138	0.158997	
0.791931	0.235901	
0.799561	0.145874	
0.798035	0.196228	
0.798035	-0.00793457	
0.819397	0.0100708	
0.810242	-0.168152	
0.823975	0.132141	
0.811768	0.256653	
0.816345	0.00335693	
0.788879	-0.154724	
0.808716	0.00396729	
0.799561	-0.0201416	
0.80719	0.0192261	
0.804138	0.0845337	
0.80719	-0.125732	
0.813293	0.441284	
0.801086	-0.102844	
0.808716	0.0131226	
0.790405	-0.169678	
0.817871	-0.0692749	
0.814819	-0.23468	
0.83313	-0.0369263	
0.828552	-0.178528	
0.837708	-0.316162	
0.868225	-0.0393677	
0.869751	-0.175171	
0.878906	-0.231934	
0.886536	-0.359192	
0.897217	-0.30304	
0.886536	-0.181885	
0.892639	-0.344849	
0.897217	-0.533752	
0.917053	-0.198975	
0.917053	-0.271912	
0.92926	-0.116577	
0.92926	0.020752	
0.930786	0.178528	
0.935364	0.0796509	
0.930786	0.185852	
0.93689	0.197754	
0.935364	0.298462	
0.944519	0.309143	
0.942993	0.453186	
0.959778	0.541382	
0.944519	0.601807	
0.953674	0.614624	
0.930786	0.662537	
0.942993	0.603333	
0.967407	0.767212	
0.947571	0.606079	
0.976563	0.681763	
0.923157	0.490112	
0.92926	0.449524	
0.964355	-0.00732422	
0.96283	0.175476	
0.961304	0.231934	
0.967407	0.264587	
0.964355	0.342712	
0.965881	0.56427	
0.985718	0.19165	
0.964355	0.241394	
0.98114	0.125122	
0.967407	0.0775146	
0.979614	0.00793457	
0.965881	0.701294	
0.975037	-0.0747681	
0.971985	-0.0714111	
0.975037	-0.221558	
0.973511	-0.299988	
0.970459	-0.372009	
0.98114	-0.232544	
0.965881	-0.358887	
0.982666	-0.376892	
0.978088	-0.431519	
0.991821	-0.506287	
0.978088	-0.542908	
0.98877	-0.794067	
0.985718	-0.614929	
0.990295	-0.549011	
0.990295	-0.604248	
0.982666	-0.587158	
0.990295	-0.62561	
0.978088	-0.687256	
0.98877	-0.613403	
0.978088	-0.543518	
0.993347	-0.671082	
0.982666	-0.56366	
0.993347	-0.641174	
0.990295	-0.643005	
0.994873	-0.61615	
0.997925	-0.511475	
0.993347	-0.603638	
1.00555	-0.506897	
0.990295	-0.624084	
1.00708	-0.683289	
0.994873	-0.55481	
1.01013	-0.550232	
1.00403	-0.597839	
1.00708	-0.644531	
0.975037	-0.673828	
0.91095	-0.382385	
1.00403	-0.805664	
1.0025	-0.489197	
1.01471	-0.41687	
0.999451	-0.531921	
1.01166	-0.397339	
0.991821	-0.454407	
1.00098	-0.574036	
0.984192	-0.512695	
0.993347	-0.374451	
0.987244	-0.386658	
0.98114	-0.332031	
0.979614	-0.37323	
0.967407	0.327454	
0.970459	-0.334778	
0.9552	-0.24292	
0.96283	-0.301819	
0.946045	-0.232544	
0.952148	-0.167847	
0.938416	0.162964	
0.941467	-0.213318	
0.930786	-0.0930786	
0.924683	-0.135803	
0.924683	-0.115051	
0.912476	-0.067749	
0.917053	-0.108337	
0.898743	-0.108337	
0.915527	-0.0216675	
0.891113	0.112305	
0.889587	-0.0985718	
0.872803	-0.0970459	
0.878906	-0.102844	
0.878906	-0.0262451	
0.872803	-0.0811768	
0.87738	0.000610352	
0.863647	0.0842285	
0.869751	-0.0592041	
0.857544	-0.0170898	
0.871277	-0.022583	
0.857544	-0.0292969	
0.871277	-0.246582	
0.865173	-0.00946045	
0.874329	0.0744629	
0.878906	-0.0366211	
0.878906	-0.107117	
0.891113	-0.00396729	
0.888062	0.0280762	
0.90332	0.0836182	
0.894165	-0.0128174	
0.91095	0.0195313	
0.898743	0.00732422	
0.912476	-0.050354	
0.906372	-0.0320435	
0.909424	-0.0326538	
0.91095	0.0369263	
0.909424	-0.0704956	
0.914001	0.0866699	
0.904846	0.176086	
0.915527	0.0479126	
0.898743	0.085144	
0.906372	0.0442505	
0.883484	0.0357056	
0.894165	0.0234985	
0.912476	0.107117	
0.907898	0.16571	
0.900269	0.310059	
0.895691	0.143127	
0.900269	0.184937	
0.886536	0.128174	
0.901794	0.22522	
0.891113	0.100403	
0.904846	0.187988	
0.907898	0.289001	
0.897217	0.297241	
0.862122	0.119324	
0.886536	0.133362	
0.897217	0.195618	
0.854492	0.185242	
0.891113	0.0662231	
0.857544	0.0823975	
0.921631	0.276184	
0.898743	0.503845	
0.898743	0.37384	
0.880432	0.317688	
0.880432	0.281677	
0.87738	0.312805	
0.87738	0.258789	
0.875854	0.299988	
0.875854	0.322876	
0.872803	0.46814	
0.854492	0.231934	
0.874329	0.21759	
0.871277	0.280762	
0.881958	0.407104	
0.868225	0.248718	
0.872803	0.345764	
0.868225	0.38269	
0.863647	0.433655	
0.854492	0.296326	
0.854492	0.239563	
0.874329	0.311584	
0.849915	0.378113	
0.863647	0.223083	
0.852966	0.258484	
0.868225	0.2948	
0.85907	0.380249	
0.874329	0.212097	
0.869751	0.240784	
0.880432	0.235901	
0.88501	0.23468	
0.886536	0.00183105	
0.895691	0.157471	
0.897217	0.1828	
0.912476	0.102844	
0.900269	0.0891113	
0.914001	0.0344849	
0.904846	0.0509644	
0.918579	-0.0296021	
0.912476	-0.0253296	
0.918579	-0.0109863	
0.921631	0.0946045	
0.918579	-0.105896	
0.927734	-0.0421143	
0.917053	-0.0619507	
0.92926	-0.050354	
0.917053	0.15564	
0.930786	-0.083313	
0.917053	-0.0238037	
0.927734	-0.0210571	
0.918579	-0.083313	
0.921631	-0.0894165	
0.924683	-0.0567627	
0.917053	-0.0836182	
0.923157	0.540161	
0.91095	-0.0714111	
0.921631	0.0253296	
0.90332	-0.0418091	
0.917053	-0.0543213	
0.901794	-0.0634766	
0.907898	-0.045166	
0.901794	-0.0457764	
0.900269	-0.195313	
0.898743	-0.0405884	
0.892639	0.045166	
0.897217	-0.0524902	
0.883484	-0.0372314	
0.898743	-0.0473022	
0.881958	0.0213623	
0.897217	0.0460815	
0.886536	-0.0418091	
0.897217	0.00274658	
0.892639	0.0332642	
0.898743	-0.0509644	
0.906372	-0.00762939	
0.906372	-0.0509644	
0.918579	0.0180054	
0.914001	0.669556	
0.930786	0.0561523	
0.923157	0.101013	
0.938416	0.039978	
0.932312	0.0244141	
0.947571	0.0286865	
0.947571	0.0592041	
0.953674	0.00152588	
0.959778	0.664368	
0.959778	0.00396729	
0.970459	0.0805664	
0.961304	0.0106812	
0.978088	0.00579834	
0.967407	-0.0384521	
0.98114	-0.0436401	
0.967407	0.00549316	
0.976563	-0.133057	
0.976563	0.0961304	
0.970459	0.166931	
0.965881	0.0582886	
0.968933	0.093689	
0.971985	0.181274	
0.958252	0.196228	
0.973511	0.143127	
0.950623	0.124207	
0.968933	0.19989	
0.9552	0.379944	
0.973511	0.25177	
0.971985	0.312195	
0.956726	0.257263	
0.961304	0.281982	
0.944519	0.116577	
0.953674	0.141602	
0.939941	0.15686	
0.946045	0.211487	
0.932312	0.050354	
0.946045	0.0732422	
0.938416	0.0799561	
0.946045	0.0531006	
0.906372	0.593567	
0.921631	-0.104065	
0.93689	-0.062561	
0.923157	-0.126648	
0.941467	-0.119629	
0.901794	-0.141296	
0.918579	-0.039978	
0.898743	-0.101929	
0.912476	-0.177002	
0.914001	-0.0299072	
0.90332	0.171204	
0.91095	-0.204163	
0.906372	-0.189819	
0.917053	-0.164185	
0.906372	0.233765	
0.917053	-0.296631	
0.904846	-0.192261	
0.942993	-0.252991	
0.92926	-0.322876	
0.942993	-0.368347	
0.941467	-0.417786	
0.96283	-0.4953	
0.997925	-0.342407	
0.975037	-0.282593	
0.984192	-0.426636	
0.98114	-0.471802	
0.997925	-0.378723	
0.985718	-0.335999	
1.00403	-0.414734	
0.987244	-0.405884	
1.00403	-0.351868	
0.999451	-0.396423	
1.0025	-0.359802	
1.0025	-0.430298	
1.00098	-0.531311	
1.00555	-0.497742	
0.991821	-0.575867	
1.0025	-0.807495	
0.98877	-0.934753	
1.0025	-0.864563	
0.985718	-0.997314	
0.999451	-1.07361	
0.987244	-0.982666	
0.990295	-1.11176	
0.973511	-1.25397	
0.968933	-1.20667	
0.984192	-1.19019	
0.98877	-1.14441	
0.997925	-1.22742	
0.952148	-1.18286	
0.96283	-1.24176	
0.947571	-1.43097	
0.96283	-1.41968	
0.958252	-1.36505	
0.970459	-1.41693	
0.978088	-1.38641	
0.982666	-1.41083	
1.0025	-1.18591	
0.996399	-1.34369	
1.01318	-1.29822	
1.00555	-1.24634	
1.02844	-1.25977	
1.01624	-1.33362	
1.03149	-1.1908	
1.02386	-1.0379	
1.0376	-1.09955	
1.02692	-1.05377	
1.02692	-0.999756	
1.03302	-0.973816	
1.02234	-0.523376	
1.03302	-0.859985	
1.01624	-0.848083	
1.02844	-0.815735	
1.01471	-0.820007	
1.02081	-0.76416	
1.01166	-0.678711	
1.01471	-0.735474	
1.01318	-0.640564	
1.00708	-0.565491	
1.01318	-0.446472	
1.00098	-0.588379	
1.01166	-0.509949	
0.997925	-0.448303	
1.01166	-0.466614	
0.996399	-0.425415	
1.00708	-0.363159	
0.994873	-0.219421	
0.994873	-0.326538	
0.996399	-0.291138	
0.991821	-0.324707	
0.996399	-0.321045	
0.982666	-0.467529	
0.991821	-0.34668	
0.978088	-0.287781	
0.987244	-0.321655	
0.98114	-0.375977	
1.00555	-0.388489	
1.00098	-0.343018	
0.996399	-0.412598	
0.993347	-0.363464	
0.982666	-0.336914	
0.984192	-0.0878906	
0.965881	-0.257263	
0.978088	0.0311279	
0.950623	0.300293	
0.958252	0.353088	
0.932312	0.585632	
0.942993	0.828247	
0.93689	0.752869	
0.947571	0.911255	
0.939941	0.751648	
0.93689	0.707703	
0.930786	0.663452	
0.923157	0.571594	
0.939941	0.498657	
0.918579	0.70343	
0.930786	0.798645	
0.891113	0.939026	
0.900269	0.986633	
0.897217	1.203	
0.900269	1.13007	
0.904846	1.44867	
0.906372	0.354614	
0.894165	0.13092	
0.875854	-0.0714111	
0.895691	0.0198364	
0.856018	-0.0689697	
0.87738	0.0570679	
0.857544	0.057373	
0.865173	-0.0524902	
0.852966	0.115051	
0.852966	0.205994	
0.854492	0.03479	
0.846863	0.143738	
0.856018	0.107422	
0.846863	0.0964355	
0.862122	0.275879	
0.849915	0.0750732	
0.865173	0.000305176	
0.856018	0.0924683	
0.866699	0.0549316	
0.862122	0.135193	
0.871277	0.0341797	
0.874329	-0.00915527	
0.802612	-0.205994	
0.872803	-0.0292969	
0.894165	0.1828	
0.91095	0.614624	
0.912476	0.63385	
0.926208	0.683594	
0.93689	0.637817	
0.949097	0.515442	
0.949097	0.587769	
0.961304	0.6073	
0.976563	0.694885	
0.975037	0.627136	
0.990295	0.674744	
0.978088	0.737915	
0.996399	0.891418	
0.98114	0.660095	
0.98877	0.72937	
0.968933	0.837708	
0.970459	0.690308	
0.984192	0.845947	
1.00708	0.91095	
1.00098	0.881958	
0.98877	0.873718	
1.00403	0.945129	
0.991821	0.766296	
1.0025	0.890503	
0.994873	0.809326	
1.01013	0.691528	
0.997925	0.779114	
1.00861	0.857544	
0.984192	0.119019	
0.997925	0.632324	
1.00403	0.666199	
1.00708	1.02051	
1.02386	0.742798	
1.04675	0.735779	
1.08185	0.592957	
1.06354	0.51178	
1.0849	0.491333	
1.05591	0.667725	
1.06049	0.454102	
1.0437	0.473633	
1.0498	0.527954	
1.04523	0.514526	
1.0498	0.502625	
1.05133	0.503235	
1.03302	0.445557	
1.05591	0.422363	
1.04218	0.554199	
1.05896	0.411682	
1.03912	0.378723	
1.05438	0.402527	
1.04065	0.318909	
1.0437	0.319214	
1.04218	0.375671	
1.03607	0.510864	
1.03455	0.353394	
1.00861	0.429077	
1.01471	0.475159	
1.0025	0.476379	
1.01166	0.413818	
0.990295	0.435791	
1.01471	0.457764	
1.00708	0.572205	
1.02386	0.365601	
1.01624	0.35553	
1.00555	0.353394	
1.01318	0.313416	
1.0025	0.426941	
1.00708	0.310974	
0.990295	0.302124	
0.996399	0.329285	
0.985718	0.377502	
0.993347	0.224915	
0.98877	0.289612	
1.00403	0.27771	
1.0025	0.310059	
1.00708	0.140991	
1.01776	0.217285	
0.996399	0.244446	
1.00708	0.280762	
0.98877	0.203247	
0.999451	0.198975	
0.98114	0.246582	
0.994873	0.202026	
0.971985	0.205994	
0.975037	0.0631714	
0.970459	0.245056	
0.968933	0.308228	
0.971985	0.211487	
0.961304	0.140686	
0.973511	0.126343	
0.961304	0.114746	
0.984192	0.140686	
0.984192	-0.0561523	
1.0025	-0.157471	
1.01318	-0.135803	
1.02234	0.0262451	
1.00403	-0.178833	
1.03302	-0.256958	
1.03302	-0.161438	
1.02997	-0.175781	
1.0376	0.427246	
1.01776	-0.163574	
1.03302	0.0128174	
1.00861	-0.140381	
1.01929	-0.132141	
1.00861	-0.0421143	
1.01929	-0.0622559	
0.999451	-0.0369263	
0.975037	-0.0411987	
0.9552	0.0546265	
0.892639	0.46051	
0.85144	0.743103	
0.810242	0.741272	
0.816345	0.816956	
0.793457	0.860596	
0.796509	0.858154	
0.78125	0.992126	
0.78125	0.817566	
0.775146	0.992126	
0.761414	1.06689	
0.765991	1.18256	
0.758362	0.98114	
0.769043	1.05377	
0.758362	1.00372	
0.87738	0.776672	
0.984192	0.20813	
1.01166	-0.0765991	
1.02844	-0.140381	
1.04065	-0.0759888	
1.02997	-0.148926	
1.01013	-0.0204468	
0.886536	0.15625	
0.798035	0.712585	
0.819397	1.12183	
0.747681	1.47156	
0.750732	1.17676	
0.730896	1.27411	
0.733948	1.30707	
0.704956	1.24268	
0.737	1.36047	
0.724792	1.65619	
0.706482	1.30554	
0.706482	1.26068	
0.70343	1.05042	
0.718689	1.21613	
0.752258	1.07727	
0.878906	0.706787	
0.927734	0.258789	
0.947571	0.0814819	
0.944519	0.00610352	
0.947571	0.0271606	
0.935364	0.193176	
0.92926	-0.0469971	
0.923157	0.0595093	
0.93689	0.055542	
0.970459	-0.10498	
0.964355	-0.221558	
1.01166	-0.312805	
1.00555	-0.400085	
1.04065	-0.689392	
1.04218	-0.52063	
1.07117	-0.557251	
1.09711	-0.775452	
1.11084	-0.732727	
1.05438	-0.594177	
0.942993	-0.271606	
0.820923	0.125122	
0.700378	0.549927	
0.698853	0.970764	
0.692749	1.22986	
0.71106	1.00098	
0.698853	0.952454	
0.726318	0.953979	
0.765991	0.926819	
0.813293	0.675659	
0.837708	0.512695	
0.840759	0.447998	
0.820923	0.587769	
0.779724	0.473328	
0.753784	0.78125	
0.787354	0.532227	
0.804138	0.663452	
0.862122	0.680542	
0.891113	0.394287	
0.869751	0.343628	
0.578308	0.979614	
0.527954	1.57654	
0.471497	1.85364	
0.325012	2.31567	
0.205994	2.75848	
0.178528	3.37311	
0.302124	2.90771	
0.596619	2.37457	
0.650024	1.39954	
1.3031	-0.186768	
1.48315	-1.77887	
1.49078	-2.10693	
1.40839	-2.0517	
1.40686	-1.5451	
1.37634	-1.77185	
1.39008	-1.57379	
1.39465	-1.58905	
1.30157	-1.4978	
0.950623	-0.498657	
0.956726	-0.0457764	
0.656128	0.852356	
0.775146	1.18164	
0.408936	1.44226	
-0.250244	3.78143	
-0.283813	5.02106	
-0.273132	5.20874	
-0.062561	5.05127	
0.631714	2.3053	
0.827026	1.33209	
1.01776	0.656128	
1.09863	-0.554504	
1.09711	-0.691528	
1.26495	-1.11084	
1.38702	-1.6037	
1.3443	-1.79016	
1.36261	-1.75629	
1.37177	-1.68915	
1.36108	-1.17401	
1.36719	-1.63635	
1.34735	-1.56158	
1.37329	-1.5387	
1.34735	-1.50574	
1.36261	-1.46454	
1.3382	-1.40076	
1.35193	-1.36688	
1.33057	-1.50848	
1.33209	-1.41296	
1.32599	-1.2088	
1.31836	-1.35864	
1.33667	-1.29517	
1.33209	-1.19202	
1.35803	-1.20331	
1.32446	-0.606079	
1.34277	-1.20178	
1.33514	-1.21307	
1.36719	-1.30432	
1.35803	-1.26038	
1.35193	-1.23993	
1.32904	-1.19598	
1.31531	-1.37665	
1.31836	-1.34155	
1.29547	-1.41815	
1.31378	-1.3089	
1.29852	-1.42456	
1.31989	-1.33942	
1.39008	-1.41632	
1.38855	-1.56982	
1.33362	-1.32965	
1.36261	-1.36047	
1.37177	-1.21033	
1.37329	-1.39496	
1.48163	-1.5155	
1.35345	-1.51123	
1.3855	-1.4035	
1.36414	-1.51001	
1.3855	-1.40869	
1.36108	-1.27319	
1.36108	-1.1145	
1.41754	-1.27197	
1.54266	-1.81946	
1.55945	-2.00073	
1.55792	-1.97754	
1.50452	-1.9928	
1.42212	-1.47797	
1.38702	-1.03088	
1.297	-0.857849	
1.31989	-0.670776	
1.297	-0.606384	
1.31836	-0.523071	
1.30005	-0.551453	
1.31226	-0.53772	
1.3031	-0.431824	
1.29089	-0.350647	
1.29242	-0.479736	
1.28326	-0.493164	
1.297	-0.434875	
1.27106	-0.360413	
1.28479	-0.368958	
1.26648	-0.36499	
1.27716	-0.307922	
1.26648	-0.118713	
1.27258	-0.300903	
1.26495	-0.288391	
1.25885	-0.297241	
1.26495	-0.229492	
1.25427	-0.220642	
1.26495	-0.306396	
1.24359	-0.234375	
1.2619	-0.118713	
1.24512	-0.224304	
1.25885	-0.221863	
1.24359	-0.15564	
1.24359	-0.177612	
1.23749	-0.214233	
1.22986	-0.291748	
1.23596	-0.232239	
1.23291	-0.0466919	
1.24054	-0.0924683	
1.22223	-0.133362	
1.23138	-0.176697	
1.22223	-0.0946045	
1.22223	0.251465	
1.21002	-0.0952148	
1.22223	0.000915527	
1.21918	0.000610352	
1.21918	-0.0561523	
1.22223	-0.00762939	
1.20239	-0.0354004	
1.2146	-0.0213623	
1.19781	0.385132	
1.2146	-0.0491333	
1.19476	0.0268555	
1.2146	0.022583	
1.19934	-0.000610352	
1.20544	0.0317383	
1.19781	0.0469971	
1.18713	-0.000915527	
1.19476	0.636292	
1.17493	-0.0219727	
1.20239	0.102539	
1.18408	0.0466919	
1.19629	0.00549316	
1.17493	0.027771	
1.18713	0.0158691	
1.1734	0.00213623	
1.1734	-0.0616455	
1.17645	0.00793457	
1.1734	0.105286	
1.16882	0.00640869	
1.16425	-0.0305176	
1.18103	0.0189209	
1.15662	-0.0469971	
1.1673	0.503235	
1.15356	0.00488281	
1.16577	0.0384521	
1.15967	0.0460815	
1.17035	0.0372314	
1.16119	0.0137329	
1.16119	0.0231934	
1.16577	0.00610352	
1.15051	-0.0143433	
1.17645	0.0253296	
1.15967	0.100403	
1.17493	-0.0180054	
1.15204	0.0204468	
1.16577	-0.0265503	
1.15051	0.0354004	
1.15356	-0.112	
1.15204	-0.06073	
1.15051	-0.0268555	
1.15662	0.168152	
1.14136	-0.0454712	
1.15204	0.00518799	
1.1322	-0.00854492	
1.1261	-0.0167847	
1.11542	-0.121765	
1.13983	-0.0595093	
1.12915	-0.0222778	
1.1322	0.164795	
1.1322	0.0140381	
1.11847	0.015564	
1.1261	0.0778198	
1.10931	0.0286865	
1.12915	-0.106201	
1.10931	0.0909424	
1.12457	0.141296	
1.10779	0.0241089	
1.12457	0.0296021	
1.11084	0.0125122	
1.11847	0.00396729	
1.11847	0.0167847	
1.11389	-0.0549316	
1.1261	0.0106812	
1.10474	0.153503	
1.11542	-0.00457764	
1.09406	-0.122375	
1.12	-0.0228882	
1.09558	-0.00549316	
1.09711	-0.0460815	
1.08032	-0.0296021	
1.0849	-0.131836	
1.08948	-0.0970459	
1.08795	-0.390625	
1.08337	-0.551758	
1.05743	-0.635376	
1.04828	-0.518188	
1.02692	-0.765686	
1.05438	-1.24939	
1.05438	-1.68732	
1.08032	-1.84113	
1.08185	-2.36725	
1.08948	-2.50305	
1.08795	-2.56195	
1.08032	-2.49847	
1.0849	-1.72729	
1.06506	-2.12921	
1.091	-2.02637	
1.08032	-1.99921	
1.09558	-1.98303	
1.10016	-2.07886	
1.09558	-1.98547	
1.08337	-1.83807	
1.08643	-1.97235	
1.07574	-1.71692	
1.06201	-1.46057	
1.05896	-1.47247	
1.02997	-1.41907	
1.04828	-1.34308	
1.03302	-1.25885	
1.05438	-1.22742	
1.02997	-1.30463	
1.03455	-1.02081	
1.02539	-0.848999	
1.02081	-0.845642	
1.00861	-0.76355	
0.994873	-0.684204	
1.0025	-0.600586	
0.987244	-0.585022	
1.0025	0.191345	
0.976563	-0.489807	
0.993347	-0.417175	
0.975037	-0.416565	
0.98114	-0.408936	
0.964355	-0.386047	
0.959778	-0.236816	
0.949097	-0.216064	
0.942993	-0.067749	
0.952148	-0.182495	
0.941467	-0.0927734	
0.961304	-0.0778198	
0.952148	-0.150452	
0.96283	-0.0732422	
0.93689	0.0674438	
0.952148	-0.0411987	
0.947571	0.0143433	
0.9552	0.050354	
0.941467	0.243225	
0.924683	0.155945	
0.930786	0.124207	
0.92926	0.143738	
0.93689	0.13092	
0.917053	0.247192	
0.932312	0.239563	
0.920105	0.221863	
0.930786	0.234375	
0.921631	0.142212	
0.917053	0.103149	
0.889587	0.264893	
0.897217	0.171204	
0.98114	0.198364	
0.976563	-0.283203	
1.00555	-0.176086	
1.02234	-0.295715	
1.09406	-0.699463	
1.10474	-0.761414	
1.11542	-0.846558	
1.10016	-0.820923	
1.10168	-0.557556	
1.11084	-0.785522	
1.10016	-0.714722	
1.11237	-0.558777	
1.07727	-0.550232	
1.07269	-0.408936	
1.05896	-0.241089	
1.06201	-0.262146	
1.05286	0.15686	
1.07422	-0.271606	
1.06659	-0.0698853	
1.0498	-0.14679	
1.07117	-0.0747681	
1.06354	-0.197754	
1.06812	-0.24231	
1.0498	0.244751	
1.06506	-0.19104	
1.06354	-0.0527954	
1.07574	-0.00549316	
1.0498	-0.0723267	
1.0498	-0.142212	
1.04828	0.0143433	
1.03912	-0.126953	
0.971985	0.279846	
1.00555	0.443726	
1.07422	0.227051	
1.08185	-0.109253	
1.11847	-0.150757	
1.10016	-0.170898	
1.07727	-0.154114	
1.07574	-0.0692749	
1.091	0.0424194	
1.06812	0.196838	
1.08185	0.0872803	
1.0788	0.0256348	
1.06354	0.0390625	
1.03912	0.245667	
1.01471	0.531921	
1.02844	0.371704	
1.01624	0.397949	
1.02997	0.409851	
1.01776	0.308228	
1.02844	0.367126	
1.03912	0.343323	
1.04218	0.350952	
1.0498	0.32135	
1.03912	0.26947	
1.0498	0.310669	
1.03912	0.411377	
1.05438	0.265198	
1.0376	0.191956	
1.04218	0.232849	
1.00403	0.141296	
0.979614	0.246887	
0.956726	0.363159	
0.976563	0.393982	
0.98877	0.449829	
1.01471	0.283813	
1.05286	0.126343	
1.03149	0.20752	
1.0437	0.072937	
1.00861	0.899963	
1.01013	0.0704956	
1.0025	0.166321	
1.04218	-0.0878906	
1.10626	-0.35675	
1.10931	-0.516968	
1.091	-0.60791	
1.0788	-0.45166	
1.08032	0.284424	
1.01776	-0.282898	
1.03912	-0.0515747	
1.01776	-0.114441	
1.02997	-0.108643	
1.01776	0.0177002	
1.02844	-0.169983	
1.01471	-0.00305176	
1.01471	0.0311279	
1.04828	-0.0994873	
1.00555	-0.017395	
0.978088	0.424805	
0.971985	0.19928	
1.01166	0.305786	
1.06049	0.123596	
1.02997	0.153198	
1.02844	0.179138	
1.04828	0.135803	
1.05438	0.236206	
1.05896	0.32074	
1.07727	0.181274	
1.07422	0.253601	
1.08643	0.293579	
1.06812	0.239868	
1.07422	0.173645	
1.06964	0.00549316	
1.09558	0.13031	
1.0849	0.195007	
1.09711	-0.0134277	
1.09253	-0.00396729	
1.0849	-0.135498	
1.08643	-0.128784	
1.08032	-0.133972	
1.0849	-0.335693	
1.06964	-0.0909424	
1.08795	-0.0799561	
1.07117	-0.133972	
1.091	-0.163574	
1.08185	-0.117493	
1.09406	-0.0299072	
1.0849	0.0579834	
1.10168	-0.126953	
1.12	0.213318	
1.12915	0.351257	
1.13068	0.124207	
1.11847	0.0299072	
1.12305	0.00366211	
1.13068	-0.0314331	
1.15814	0.03479	
1.11847	0.0552368	
1.12457	0.12146	
1.12	0.0280762	
1.12	0.00396729	
1.12457	0.0595093	
1.11389	0.00549316	
1.12762	-0.00946045	
1.11389	0.0323486	
1.12457	0.0915527	
1.10626	-0.0012207	
1.11847	0.017395	
1.10779	-0.0717163	
1.11847	-0.230713	
1.11389	-0.0250244	
1.11084	0.0241089	
1.11237	-0.0604248	
1.10626	-0.0668335	
1.12	0.0219727	
1.11084	-0.155029	
1.13068	-0.0866699	
1.11694	-0.00946045	
1.13373	-0.00457764	
1.1261	-0.146484	
1.13678	-0.0723267	
1.13983	-0.153198	
1.14746	-0.281677	
1.15356	-0.106506	
1.26343	-1.54114	
1.1795	-0.478821	
1.16119	-0.298462	
1.18561	-0.226135	
1.17798	0.28717	
1.18866	-0.166931	
1.1673	-0.0601196	
1.18866	-0.108337	
1.18561	-0.109558	
1.18866	-0.149231	
1.19934	-0.194397	
1.19171	-0.307617	
1.19781	-0.115967	
1.18408	-0.0628662	
1.18866	-0.166321	
1.17493	-0.169373	
1.18408	-0.151978	
1.16425	-0.140991	
1.18256	-0.217285	
1.17645	-0.191345	
1.1734	-0.163269	
1.18256	-0.0717163	
1.17645	-0.148621	
1.17798	-0.121765	
1.1673	-0.148315	
1.18103	-0.0558472	
1.15204	-0.177307	
1.1734	-0.140076	
1.16272	-0.134583	
1.16882	-0.0265503	
1.15204	-0.172119	
1.15051	-0.244446	
1.15204	-0.190735	
1.14288	-0.158081	
1.14746	-0.191956	
1.1322	-0.245972	
1.14594	-0.210876	
1.12152	-0.127258	
1.15051	-0.233154	
1.1322	-0.15564	
1.14136	-0.208435	
1.1322	-0.172424	
1.13373	0.429077	
1.13831	-0.183411	
1.13831	-0.144958	
1.15356	-0.13092	
1.1261	-0.0759888	
1.1261	-0.0430298	
1.12915	-0.0341797	
1.16119	-0.0280762	
1.13983	0.00244141	
1.14441	-0.0524902	
1.13831	0.0909424	
1.13983	-0.0747681	
1.1322	-0.0305176	
1.12457	-0.027771	
1.12915	-0.0540161	
1.10016	-0.135193	
1.11847	-0.132751	
1.10626	-0.0610352	
1.11542	-0.180664	
1.09558	-0.253906	
1.091	-0.215759	
1.08185	0.00549316	
1.09406	-0.257263	
1.14288	-0.0582886	
1.10626	-0.0378418	
1.11237	-0.179443	
1.11084	-0.15564	
1.13831	-0.114136	
1.12762	0.214844	
1.15051	-0.0262451	
1.12915	0.0189209	
1.13373	-0.0259399	
1.1261	-0.0387573	
1.1261	-0.138245	
1.1322	-0.102234	
1.11847	0.0296021	
1.13068	-0.144043	
1.12	-0.0540161	
1.13678	-0.0402832	
1.12152	-0.0939941	
1.13525	-0.0924683	
1.12305	-0.0360107	
1.14136	-0.139771	
1.12915	-0.293579	
1.12762	-0.125122	
1.13678	0.0292969	
1.13831	-0.0463867	
1.14746	-0.0479126	
1.13068	-0.0848389	
1.15204	-0.0219727	
1.12	-0.0827026	
1.13525	-0.239563	
1.11237	-0.117188	
1.1261	-0.00244141	
1.12	-0.145874	
1.12762	-0.158691	
1.13983	-0.138855	
1.13983	-0.154724	
1.18713	-0.0689697	
1.14746	-0.0454712	
1.16577	-0.270691	
1.16882	-0.0701904	
1.18561	-0.135803	
1.18256	-0.125732	
1.19781	-0.135803	
1.19781	-0.115356	
1.19324	0.206909	
1.05438	-0.229187	
1.24207	0.13916	
1.24817	0.104675	
1.21918	-0.00915527	
1.25427	0.0335693	
1.22375	-0.0897217	
1.23596	-0.0891113	
1.21307	0.59021	
1.2619	-0.022583	
1.24359	0.0854492	
1.24207	0.062561	
1.24054	-0.00610352	
1.22375	-0.0643921	
1.22528	-0.0906372	
1.21918	-0.103455	
1.24054	0.54657	
1.23138	-0.0650024	
1.26648	0.0958252	
1.47705	0.596619	
1.58081	1.34888	
1.61743	1.70166	
1.60675	1.7627	
1.52588	1.4682	
1.47095	1.474	
1.48621	1.11694	
1.45569	1.01257	
1.45569	0.924683	
1.42212	0.80719	
1.38702	0.597229	
1.37939	0.58197	
1.37787	0.44342	
1.37329	0.491638	
1.36108	0.454712	
1.33057	0.470581	
1.32141	0.211182	
1.30768	0.213928	
1.28326	0.199585	
1.30768	0.115662	
1.28479	0.121765	
1.28479	0.10437	
1.25122	0.0646973	
1.26953	-0.102539	
1.23749	-0.0793457	
1.23444	-0.0979614	
1.21155	-0.239868	
1.20087	-0.452576	
1.20239	-0.298767	
1.18866	-0.21637	
1.20087	-0.307922	
1.18256	-0.32196	
1.19171	-0.255127	
1.18713	-0.217896	
1.18408	0.0161743	
1.18561	-0.365295	
1.20392	-0.422363	
1.19934	-0.639038	
1.19934	-0.872498	
1.2085	-1.19568	
1.19629	-1.88293	
1.21765	-2.24091	
1.20239	-2.07672	
1.2207	-1.83746	
1.2085	-1.55334	
1.21765	-1.6568	
1.21002	-1.58173	
1.2146	-1.44318	
1.21155	-1.55518	
1.2085	-1.4444	
1.21765	-1.29608	
1.20392	-1.04126	
1.21765	-1.18439	
1.20239	-1.0907	
1.21155	-0.977173	
1.19171	-1.01593	
1.2085	-0.929565	
1.20697	-1.29761	
1.20087	-1.49597	
1.19629	-1.67542	
1.19171	-1.74957	
1.18408	-1.87683	
1.1795	-2.18658	
1.20392	-1.87012	
1.18866	-1.87469	
1.20697	-1.78925	
1.19171	-1.38855	
1.20697	-1.39648	
1.20239	-1.27258	
1.21307	-1.15479	
1.2146	-0.955505	
1.2146	-0.737305	
1.22681	-0.118408	
1.2207	-0.985107	
1.23596	-0.884094	
1.22528	-0.982056	
1.24512	-1.2796	
1.23291	-1.362	
1.24359	-1.38275	
1.23749	-1.19751	
1.24054	-1.26984	
1.2619	-0.56488	
1.24054	-0.110474	
1.27258	0.283203	
1.23596	0.106201	
1.24207	0.114136	
1.22681	0.133057	
1.23291	0.0357056	
1.21918	-0.121765	
1.21613	0.160522	
1.21918	0.22522	
1.23291	0.149536	
1.22833	0.166016	
1.20544	0.160522	
1.23596	0.218506	
1.21613	0.167236	
1.22986	0.159912	
1.21002	0.227966	
1.22833	0.347595	
1.20697	0.23407	
1.21613	0.232544	
1.21613	0.171814	
1.2146	0.149231	
1.2085	0.324707	
1.18866	0.219116	
1.19629	0.296936	
1.18713	0.365295	
1.2085	0.269775	
1.19324	0.237122	
1.21155	0.324402	
1.19476	0.244751	
1.20239	0.183105	
1.19324	0.229492	
1.20087	0.422974	
1.19476	0.26123	
1.18408	0.21698	
1.18866	0.213928	
1.17645	0.125122	
1.18713	0.179138	
1.16577	0.32959	
1.19629	0.568237	
1.18561	0.52063	
1.19019	0.614014	
1.18256	0.550232	
1.18256	0.993958	
1.18103	1.04248	
1.17493	0.414429	
1.18866	0.404053	
1.17493	0.639648	
1.18561	0.727234	
1.17798	0.845032	
1.19019	0.852966	
1.1734	1.3446	
1.17798	0.295105	
1.1734	0.390015	
1.17493	0.26123	
1.16119	0.247192	
1.17035	0.491028	
1.1795	0.550537	
1.16577	0.345459	
1.19476	0.523376	
1.19019	0.438843	
1.20544	0.389099	
1.20087	0.332642	
1.2207	0.279846	
1.2207	0.299988	
1.23444	-0.00335693	
1.24207	0.131226	
1.25275	0.26123	
1.26495	0.118713	
1.25122	0.214844	
1.27563	0.265503	
1.26495	0.387878	
1.28784	0.91217	
1.27716	0.903015	
1.28326	1.05042	
1.28937	1.00586	
1.28021	0.742188	
1.29395	0.453796	
1.29852	1.05408	
1.29852	0.692749	
1.29547	0.911255	
1.3092	0.787354	
1.31073	0.717163	
1.3031	0.821228	
1.29395	0.948792	
1.30463	0.682678	
1.29547	0.70282	
1.3031	0.828552	
1.30615	0.776672	
1.30615	0.909729	
1.3031	0.742188	
1.29395	0.914307	
1.32904	0.809021	
1.32599	0.86792	
1.32294	0.895081	
1.32141	0.8255	
1.33667	0.778503	
1.34277	0.668335	
1.35345	0.420837	
1.35345	0.59967	
1.35345	0.687561	
1.36566	0.58197	
1.35345	0.608826	
1.37024	0.66864	
1.35651	0.587158	
1.37177	0.601807	
1.36261	0.640564	
1.37177	0.733948	
1.36719	0.628967	
1.36871	0.566711	
1.37024	0.613098	
1.36871	0.525818	
1.37787	0.531616	
1.36719	0.553894	
1.38245	0.61676	
1.36719	0.489502	
1.38092	0.508728	
1.36414	0.435791	
1.37329	0.381165	
1.36566	0.494995	
1.37329	0.550232	
1.37177	0.455933	
1.36414	0.426941	
1.37329	0.456238	
1.35651	0.347595	
1.37024	0.299377	
1.3504	0.364685	
1.36414	0.468445	
1.34583	0.33905	
1.35498	0.36377	
1.3443	0.410461	
1.34277	0.422058	
1.33972	0.372009	
1.33209	0.385437	
1.33972	0.414429	
1.32141	0.318298	
1.33209	0.30365	
1.31531	0.312195	
1.32599	0.581055	
1.30768	0.286255	
1.31378	0.388794	
1.30615	0.351563	
1.30615	0.314026	
1.3031	0.354004	
1.29547	0.309143	
1.30005	0.563049	
1.28479	0.288086	
1.297	0.360718	
1.27869	0.336609	
1.28784	0.260925	
1.27106	0.293884	
1.28174	0.19104	
1.27258	0.0488281	
1.27411	0.252991	
1.27106	0.361633	
1.26495	0.187683	
1.27563	0.245361	
1.26343	0.230713	
1.28021	0.187378	
1.26495	0.155334	
1.28326	0.131836	
1.27106	0.304565	
1.28479	0.110474	
1.28021	0.129395	
1.28632	0.0836182	
1.28937	0.696106	
1.28784	0.0759888	
1.29852	0.162354	
1.28937	0.126343	
1.30768	0.122375	
1.29089	0.116882	
1.30463	0.0201416	
1.29395	0.134583	
1.3031	0.0262451	
1.297	0.0909424	
1.29852	0.0125122	
1.30005	0.0112915	
1.29547	0.0531006	
1.30615	0.00701904	
1.29242	-0.00946045	
1.30615	0.0769043	
1.28937	0.141907	
1.3031	-0.0323486	
1.28784	0.0134277	
1.29852	0.0415039	
1.29242	0.0402832	
1.28784	0.00732422	
1.297	0.00701904	
1.28174	0.0939941	
1.29395	-0.0747681	
1.27716	0.00732422	
1.29089	0.000305176	
1.27258	0.470581	
1.28479	-0.0234985	
1.27106	0.0808716	
1.27563	0.0479126	
1.26801	0.0234985	
1.26953	0.0531006	
1.26953	-0.0473022	
1.26038	-0.10376	
1.27106	0.00823975	
1.2558	0.124512	
1.26648	-0.00488281	
1.24969	-0.00488281	
1.2619	0.0366211	
1.24664	-0.0674438	
1.2558	-0.0701904	
1.24817	-0.0341797	
1.24969	0.0238037	
1.24664	-0.0421143	
1.24054	-0.0769043	
1.24969	-0.0344849	
1.23444	-0.159302	
1.24817	-0.0845337	
1.23138	-0.0561523	
1.24359	0.0140381	
1.22833	-0.065918	
1.23596	-0.128784	
1.22833	-0.057373	
1.22833	-0.116272	
1.22833	-0.122375	
1.21918	-0.0857544	
1.23138	0.0234985	
1.2146	-0.142822	
1.22681	-0.0979614	
1.21155	-0.0872803	
1.22223	-0.107117	
1.20697	-0.230713	
1.2146	-0.0982666	
1.21002	0.0192261	
1.2085	-0.138245	
1.21002	-0.111694	
1.20087	-0.10498	
1.2085	-0.10437	
1.19476	-0.0906372	
1.2085	-0.125427	
1.19171	-0.0708008	
1.20392	-0.0650024	
1.19019	-0.108337	
1.19781	-0.276489	
1.1795	-0.639648	
1.18103	-0.459595	
1.18256	-0.446167	
1.17188	-0.275269	
1.19324	-0.175781	
1.1795	-0.254822	
1.19476	-0.283508	
1.17645	-0.335693	
1.18713	-0.216675	
1.17798	-0.32196	
1.18561	-0.344543	
1.18103	-0.223389	
1.17645	-0.198669	
1.18103	-0.252075	
1.17035	-0.296326	
1.18408	-0.336914	
1.17035	-0.436707	
1.19324	-0.59906	
1.1795	-0.776062	
1.19171	-2.04498	
1.18561	-3.30139	
1.20697	-3.96179	
1.20697	-4.46472	
1.19171	-4.58984	
1.19934	-3.92792	
1.19934	-4.46594	
1.21918	-4.43054	
1.2146	-4.44275	
1.23291	-4.42841	
1.19476	-4.29871	
1.16577	-3.94714	
1.15662	-3.17017	
1.20544	-3.75702	
1.2085	-3.76373	
1.19476	-3.71857	
1.18713	-3.51746	
1.19019	-3.49426	
1.21307	-3.5553	
1.2085	-2.80029	
1.21002	-2.45789	
1.19629	-1.83075	
1.21155	-1.75659	
1.19781	-1.6864	
1.2085	-2.23572	
1.23444	-2.85004	
1.24054	-2.92786	
1.24664	-2.96906	
1.24817	-2.99194	
1.26801	-2.74872	
1.24054	-2.83508	
1.2558	-2.65625	
1.21918	-2.47772	
1.23291	-2.36237	
1.21613	-1.90613	
1.2146	-1.40564	
1.21155	-0.811462	
1.21002	-0.623779	
1.21307	-0.395203	
1.20544	-0.453491	
1.21765	-0.632629	
1.20239	-0.904541	
1.21918	-1.45355	
1.20392	-1.52954	
1.2207	-1.47125	
1.21307	-1.45111	
1.22528	-1.47491	
1.22681	-1.44592	
1.23901	-1.41693	
1.28326	-1.01898	
1.29395	-1.67206	
1.31989	-2.02911	
1.30157	-2.30164	
1.30768	-2.27051	
1.28021	-2.25494	
1.29395	-2.29675	
1.27106	-1.93909	
1.24512	-1.17828	
1.23749	-0.642395	
1.23901	-0.289001	
1.24512	-0.00213623	
1.23749	0.176697	
1.24359	0.198364	
1.22681	0.465393	
1.23901	0.279846	
1.22528	0.374756	
1.23901	0.332642	
1.22528	0.274048	
1.23138	0.1828	
1.22223	0.291443	
1.22528	0.234985	
1.22833	0.456543	
1.22986	0.583496	
1.23901	0.547791	
1.21918	0.589905	
1.23596	0.614319	
1.21765	0.414734	
1.22986	0.486755	
1.21918	0.610962	
1.22375	0.704956	
1.22528	0.613403	
1.22833	-0.665894	
1.23596	-0.983582	
1.23138	-1.0025	
1.24664	-0.68573	
1.23596	-0.526123	
1.25732	-0.758667	
1.24512	-0.879517	
1.26495	-0.725708	
1.27258	-0.812683	
1.28632	-0.769043	
1.29089	-0.966492	
1.297	-0.977783	
1.29852	-1.06598	
1.29242	-1.10657	
1.3092	-1.138	
1.29089	-1.13831	
1.30768	-0.209045	
1.29242	0.256042	
1.3092	0.317078	
1.297	0.506592	
1.3031	0.644226	
1.29852	0.577087	
1.29395	0.58136	
1.3031	0.697937	
1.297	0.934753	
1.30615	0.862732	
1.29547	0.884094	
1.30768	0.853882	
1.29242	0.78186	
1.30768	0.914001	
1.30005	1.09772	
1.3031	0.905151	
1.297	0.940247	
1.29547	0.914001	
1.30005	1.2793	
1.29242	0.895386	
1.29547	0.864868	
1.28632	0.866089	
1.30463	0.842896	
1.27869	0.847168	
1.29395	0.727539	
1.28326	0.72937	
1.28784	0.747986	
1.28021	0.878601	
1.27869	0.675964	
1.27869	0.697021	
1.27106	0.63385	
1.28021	0.832214	
1.27258	0.586548	
1.297	0.714111	
1.28174	0.690613	
1.29547	0.592346	
1.28937	0.608521	
1.3031	0.551147	
1.3031	0.455627	
1.3031	0.59906	
1.31073	0.736389	
1.30157	0.570068	
1.31226	0.527344	
1.30005	0.663452	
1.31836	0.546875	
1.30157	0.544128	
1.31226	0.558167	
1.30463	0.639648	
1.30615	0.591431	
1.30463	0.564575	
1.3031	0.532227	
1.30768	0.487061	
1.30005	0.438538	
1.31378	0.524597	
1.29547	0.602112	
1.31226	0.481262	
1.30157	0.466003	
1.31836	0.509949	
1.31531	0.511169	
1.32751	0.446777	
1.33362	0.49408	
1.34277	0.561218	
1.35651	0.516052	
1.35193	0.490417	
1.38092	0.45105	
1.37024	0.455017	
1.39465	0.262146	
1.3855	0.457764	
1.40533	0.478516	
1.39618	0.421753	
1.40686	0.419922	
1.41754	0.49469	
1.41602	0.422363	
1.4267	0.465088	
1.41907	0.558777	
1.43738	0.639648	
1.4267	0.519409	
1.44806	0.71167	
1.4328	0.714722	
1.45264	1.3623	
1.44501	0.769958	
1.45264	0.8078	
1.44958	0.852966	
1.45111	0.829773	
1.45264	0.891113	
1.44958	0.849304	
1.46637	0.655212	
1.45416	0.905151	
1.47552	0.978088	
1.46179	0.923157	
1.4801	0.870667	
1.4679	0.888062	
1.47858	0.815125	
1.47552	0.775452	
1.47247	0.802002	
1.47858	0.906372	
1.46637	0.71167	
1.48163	0.783997	
1.46637	0.738831	
1.48163	1.31042	
1.46332	0.692139	
1.47705	0.756836	
1.46332	0.765076	
1.46332	0.688171	
1.46332	0.695496	
1.46027	0.592957	
1.46027	0.585632	
1.44653	0.591125	
1.45874	0.71167	
1.4389	0.568848	
1.44958	0.558167	
1.42059	0.578308	
1.44196	0.496521	
1.43585	0.489502	
1.4328	0.506592	
1.43127	0.479126	
1.42212	0.372314	
1.4328	0.489807	
1.42059	0.378113	
1.43738	0.223083	
1.42365	0.387878	
1.4389	0.397644	
1.4267	0.272522	
1.44196	0.331726	
1.43738	0.341492	
1.44806	0.197754	
1.45264	0.150452	
1.44653	0.175476	
1.46179	0.360718	
1.44806	0.214844	
1.4679	0.291443	
1.45264	0.301208	
1.4679	0.194092	
1.45569	0.244751	
1.46637	0.207214	
1.46179	0.361633	
1.46484	0.158386	
1.46637	0.264587	
1.46179	0.18219	
1.46942	0.772095	
1.45416	0.196838	
1.46942	0.299683	
1.44958	0.24353	
1.46179	0.187378	
1.44806	0.27771	
1.45721	0.223083	
1.44806	0.140381	
1.44501	0.239258	
1.45264	0.336914	
1.44043	0.188904	
1.45111	0.279541	
1.43585	0.367737	
1.44653	0.225525	
1.42822	0.252075	
1.44196	0.319214	
1.4267	0.362549	
1.43127	0.217896	
1.4267	0.262451	
1.42517	0.30426	
1.4267	0.457458	
1.41602	0.20813	
1.4267	0.301208	
1.41449	0.26123	
1.4328	0.248413	
1.41754	0.259094	
1.43585	0.209961	
1.4267	0.830078	
1.4328	0.130005	
1.42822	0.0891113	
1.42975	0.0582886	
1.44958	0.0881958	
1.44806	0.11322	
1.46637	0.133057	
1.44806	0.551453	
1.4679	-0.067749	
1.45111	0.0741577	
1.46637	-0.28656	
1.45416	0.146179	
1.46332	0.116577	
1.45874	0.0463867	
1.45721	-0.0482178	
1.46484	0.131226	
1.45416	0.0646973	
1.46637	-0.197754	
1.45111	0.0585938	
1.46332	0.093689	
1.44653	-0.0250244	
1.45569	0.0747681	
1.44653	0.0958252	
1.45721	-0.0350952	
1.45111	0.0732422	
1.44653	0.0296021	
1.45416	-0.0531006	
1.4389	0.0997925	
1.44958	0.182495	
1.43127	0.10376	
1.45111	0.192566	
1.43433	0.278931	
1.45111	-0.283508	
1.44196	0.0848389	
1.45721	0.18158	
1.46332	0.123596	
1.46942	0.183105	
1.48621	0.169983	
1.48315	0.675659	
1.50757	0.237122	
1.49994	0.323792	
1.52435	0.219116	
1.5152	0.187073	
1.53503	0.196838	
1.5274	0.192566	
1.53961	0.311584	
1.53961	0.21637	
1.53809	0.396729	
1.5564	0.288696	
1.54724	0.293579	
1.56555	0.311279	
1.55029	0.370483	
1.5686	0.325623	
1.55487	0.355835	
1.57318	0.414734	
1.56097	0.544739	
1.5686	0.318909	
1.56555	0.395508	
1.56097	0.386047	
1.57318	0.44281	
1.56097	0.332947	
1.58234	0.378418	
1.56708	0.384521	
1.58234	0.52124	
1.56555	0.391846	
1.58386	0.384216	
1.57623	0.441589	
1.58081	0.388184	
1.58081	0.245056	
1.57776	0.343018	
1.58691	0.437317	
1.57318	0.298462	
1.58691	0.306702	
1.57471	0.126953	
1.58844	0.451355	
1.57166	0.20752	
1.58539	0.280151	
1.57471	0.290527	
1.57623	0.350952	
1.57471	0.240173	
1.5686	-0.622253	
1.57471	0.235596	
1.5625	-0.0204468	
1.57471	0.0531006	
1.56097	0.0134277	
1.57166	0.163269	
1.55334	0.0964355	
1.5625	0.0784302	
1.55334	0.0592041	
1.56097	0.0164795	
1.5686	0.22583	
1.55945	0.0546265	
1.57013	0.13092	
1.55945	0.0231934	
1.57471	0.0549316	
1.5564	0.0357056	
1.57318	-0.00152588	
1.55792	-0.0134277	
1.57013	0.00854492	
1.56097	0.140991	
1.56708	-0.00488281	
1.56403	0.0427246	
1.55945	0.010376	
1.5686	0.319519	
1.55487	0.0323486	
1.56708	0.0570679	
1.55029	0.00457764	
1.56403	0.078125	
1.54877	0.0314331	
1.55792	0.532532	
1.54419	0.0344849	
1.54877	0.0134277	
1.54572	0.0424194	
1.53809	-0.0106812	
1.54724	0.0430298	
1.53198	0.0686646	
1.54266	-0.0271606	
1.52588	0.00335693	
1.54266	0.00854492	
1.52435	-0.0454712	
1.53809	0.0366211	
1.5274	-0.142517	
1.53351	-0.0698853	
1.53198	-0.0250244	
1.52893	-0.0234985	
1.53809	-0.0405884	
1.5274	0.0247192	
1.53809	-0.0875854	
1.52283	-0.0619507	
1.53961	-0.0213623	
1.51978	0.0405884	
1.53198	-0.0430298	
1.5213	0.00946045	
1.52435	0.039978	
1.52283	-0.0408936	
1.5152	-0.0164795	
1.52283	0.130005	
1.50909	-0.0335693	
1.51978	-0.012207	
1.50146	0.0497437	
1.51672	-0.0183105	
1.49994	0.00549316	
1.51367	0.0180054	
1.49841	0.129089	
1.50146	-0.0360107	
1.49841	0.0210571	
1.49078	0.0405884	
1.49841	-0.0805664	
1.48773	-0.0674438	
1.49841	0.0454712	
1.4801	0.0720215	
1.49384	-0.0195313	
1.47552	-0.0219727	
1.48621	-0.0415039	
1.47095	-0.0482178	
1.47705	-0.272827	
1.46942	-0.0210571	
1.46484	0.0650024	
1.47858	-0.0564575	
1.46484	-0.0128174	
1.474	-0.0430298	
1.45874	0.043335	
1.47095	0.012207	
1.45416	0.0201416	
1.46637	0.0610352	
1.45416	0.163879	
1.45874	0.0186157	
1.45721	0.0521851	
1.44958	-0.0177002	
1.46179	0.0418091	
1.44806	-0.11322	
1.45874	-0.0250244	
1.44501	0.105286	
1.46179	-0.00457764	
1.44196	0.0735474	
1.44501	0.117798	
1.44043	0.0534058	
1.44501	0.945129	
1.4389	0.175171	
1.42365	0.53772	
1.4267	0.274658	
1.42517	0.287476	
1.45721	0.224304	
1.44958	0.385132	
1.46027	0.172119	
1.43738	0.106506	
1.44348	-0.00427246	
1.4328	-0.00152588	
1.43738	-0.215149	
1.43433	-0.262451	
1.4328	-0.271301	
1.44348	-0.32959	
1.42975	-0.379028	
1.44348	-0.663147	
1.4328	-0.539856	
1.44653	-0.32135	
1.4328	-0.24231	
1.44653	-0.223694	
1.43585	-0.15625	
1.44043	-0.348206	
1.4389	-0.0784302	
1.43127	-0.0222778	
1.44043	-0.0964355	
1.43433	-0.0137329	
1.44653	0.0405884	
1.43127	-0.0585938	
1.44958	-0.160522	
1.43585	-0.0125122	
1.45111	0.0302124	
1.44806	-0.0793457	
1.46027	-0.0582886	
1.46942	0.000305176	
1.47247	-0.0439453	
1.48621	-0.256958	
1.4801	-0.0198364	
1.49994	0.0927734	
1.49078	-0.0735474	
1.51062	-0.0106812	
1.49841	-0.0210571	
1.51672	-0.0128174	
1.50909	0.576782	
1.51825	-0.00579834	
1.51978	0.090332	
1.51825	0.0140381	
1.52893	-0.0250244	
1.51825	-0.0115967	
1.53198	-0.0189209	
1.51825	0.334778	
1.53503	0.0262451	
1.5213	0.0463867	
1.53503	-0.0152588	
1.5274	0.0140381	
1.53351	0.0161743	
1.53198	0.0177002	
1.5274	0.25116	
1.53503	-0.0271606	
1.52588	0.0158691	
1.53809	0.0268555	
1.51978	-0.0637817	
1.53656	-0.085144	
1.51978	0.0292969	
1.52893	-0.138245	
1.51825	-0.0720215	
1.52435	0.00549316	
1.5213	0.0726318	
1.5152	-0.0738525	
1.5213	-0.0357056	
1.50909	0.0231934	
1.5213	-0.0326538	
1.50146	-0.065918	
1.51825	-0.0488281	
1.49689	0.0531006	
1.50909	-0.0775146	
1.49841	-0.0634766	
1.50146	-0.0473022	
1.49994	-0.0634766	
1.49078	-0.244751	
1.49994	-0.0653076	
1.48621	-0.0100708	
1.49689	-0.0616455	
1.47705	-0.0619507	
1.49231	-0.111694	
1.474	-0.100403	
1.48773	0.450439	
1.47552	-0.0817871	
1.47858	-0.0335693	
1.47705	-0.0775146	
1.47247	-0.102234	
1.4801	-0.0582886	
1.46637	-0.0881958	
1.4801	0.379944	
1.46027	-0.067749	
1.474	-0.032959	
1.46027	-0.0842285	
1.4679	-0.0610352	
1.46027	-0.119019	
1.46332	-0.0790405	
1.46332	-0.152893	
1.45416	-0.0924683	
1.46332	-0.0494385	
1.44958	-0.000915527	
1.46179	-0.100098	
1.44196	-0.117188	
1.45721	-0.0604248	
1.44196	-0.140991	
1.45111	-0.281067	
1.44196	-0.0921631	
1.44348	-0.0534058	
1.44501	-0.13031	
1.43433	-0.148315	
1.44653	-0.108643	
1.43127	-0.13855	
1.44501	0.166321	
1.4267	-0.128479	
1.44043	-0.0430298	
1.4267	-0.103455	
1.43585	-0.0994873	
1.42517	-0.0933838	
1.42517	-0.0643921	
1.42975	-0.0662231	
1.41907	-0.0842285	
1.42975	-0.0323486	
1.41449	0.0497437	
1.42822	-0.111084	
1.41144	-0.0674438	
1.42822	-0.114441	
1.41296	-0.129089	
1.42212	-0.00396729	
1.41754	-0.214844	
1.41907	-0.189514	
1.42212	-0.198975	
1.40991	-0.21759	
1.48621	-0.367126	
1.474	-0.584717	
1.48773	-0.590515	
1.40533	-0.172729	
1.41602	-0.17395	
1.40533	-0.114746	
1.45264	-0.277405	
1.44348	-0.325928	
1.4328	-0.300598	
1.40991	-0.159302	
1.40076	-0.214539	
1.41449	-0.32074	
1.39923	-0.170288	
1.45264	-0.166931	
1.42517	-0.271301	
1.42059	-0.194397	
1.40228	-0.151672	
1.40533	-0.0848389	
1.39771	-0.10437	
1.39465	-0.162354	
1.40076	-0.0323486	
1.38855	0.0524902	
1.39771	-0.0308228	
1.3855	-0.020752	
1.44043	-0.148315	
1.43585	-0.317078	
1.45264	-0.43335	
1.4389	-0.414429	
1.4389	-0.275269	
1.42212	-0.0088501	
1.40533	-0.0808716	
1.39465	0.25116	
1.37939	0.172729	
1.39923	0.390015	
1.37329	0.521545	
1.39313	0.33844	
1.37024	0.299377	
1.38092	0.0900269	
1.37787	0.46936	
1.38397	0.372925	
1.3855	0.389099	
1.37482	0.308533	
1.38092	0.300293	
1.36719	0.377502	
1.3855	0.470276	
1.36719	0.309448	
1.3855	0.306396	
1.36719	0.310059	
1.37787	0.307312	
1.37024	0.227966	
1.36719	0.292053	
1.36261	0.310974	
1.36414	0.219116	
1.36261	0.263977	
1.36261	0.154724	
1.38397	-2.42706	
1.36566	-5.90424	
1.40228	0.09552	
1.37939	1.6507	
1.38855	0.145264	
1.41907	0.238037	
1.4267	1.57288	
1.45264	1.54663	
1.44501	0.820923	
1.474	-0.914612	
1.4801	0.328369	
1.50604	-0.919495	
1.49231	-2.30652	
1.53046	0.908508	
1.50909	-0.224915	
1.53961	-0.107422	
1.53351	-0.0930786	
1.54419	-0.00793457	
1.54419	0.251465	
1.54572	0.238953	
1.55945	0.169983	
1.55182	0.314331	
1.57471	0.328369	
1.56403	0.201111	
1.58386	0.353088	
1.57471	0.164185	
1.59454	0.215149	
1.59454	0.24292	
1.60828	0.401001	
1.61438	0.340881	
1.61743	0.397339	
1.63269	0.243835	
1.62659	0.327148	
1.64642	0.314941	
1.63574	0.435486	
1.65558	0.379639	
1.64032	0.464478	
1.66016	0.350952	
1.64948	0.391846	
1.65405	0.445251	
1.651	0.495605	
1.6449	0.35553	
1.65558	0.38208	
1.6449	0.305176	
1.66168	0.151062	
1.64032	0.313721	
1.6571	0.393677	
1.64032	0.260315	
1.65253	0.306091	
1.64337	0.316162	
1.64948	0.256348	
1.64795	0.120544	
1.64185	0.276794	
1.651	0.346985	
1.63422	0.227051	
1.64795	0.240479	
1.62811	0.207214	
1.64337	0.263672	
1.62506	0.120544	
1.63269	0.175476	
1.61743	0.212097	
1.61896	0.245667	
1.61438	0.127869	
1.60828	0.0891113	
1.61285	0.0735474	
1.5976	0.0860596	
1.61133	0.671082	
1.59302	0.0323486	
1.6098	0.105286	
1.5976	0.0942993	
1.61285	0.0888062	
1.60675	0.0872803	
1.61285	0.0805664	
1.61591	0.0640869	
1.61743	-0.108948	
1.62811	0.0595093	
1.61896	0.145264	
1.64185	0.0802612	
1.62811	0.0473022	
1.64795	0.0646973	
1.63116	0.101013	
1.64642	0.0753784	
1.63727	0.0817871	
1.64032	0.114441	
1.64337	0.220947	
1.63879	0.0909424	
1.6449	0.0912476	
1.63574	0.12207	
1.6449	0.140381	
1.62506	0.1297	
1.64032	0.162354	
1.62048	0.253906	
1.63422	0.172119	
1.62354	0.177917	
1.62354	0.0662231	
1.61743	0.0271606	
1.6098	0.00518799	
1.61285	0.201416	
1.60217	0.328369	
1.61743	0.228577	
1.60675	0.126953	
1.62354	-0.661926	
1.60675	-0.961609	
1.62354	-1.03027	
1.61591	-0.678711	
1.61896	-0.296326	
1.62659	-0.141907	
1.62811	-0.234985	
1.64337	-0.212097	
1.62964	-0.188599	
1.64795	-0.0439453	
1.63727	-0.0665283	
1.65405	0.173645	
1.63727	0.0604248	
1.64948	0.0183105	
1.63879	0.0579834	
1.6449	0.0650024	
1.6449	0.829773	
1.63727	0.0704956	
1.6449	0.169983	
1.63116	0.122986	
1.64795	0.121155	
1.63116	0.0680542	
1.64948	-0.0491333	
1.62964	0.192566	
1.6449	-0.0323486	
1.62964	0.108032	
1.62964	0.0973511	
1.62964	0.112915	
1.62201	0.0390625	
1.62659	-0.00610352	
1.61438	-0.23407	
1.62506	-0.0485229	
1.60828	0.0769043	
1.62354	-0.136414	
1.60675	-0.0170898	
1.62201	0.0765991	
1.60675	-0.0805664	
1.60828	0.0305176	
1.60675	0.15625	
1.6037	0.221863	
1.61896	0.169983	
1.60828	0.249939	
1.62506	0.230713	
1.61133	0.162659	
1.63116	0.160522	
1.62506	0.303345	
1.64185	0.142517	
1.63727	0.203247	
1.64642	0.157471	
1.65405	0.550232	
1.65558	0.237122	
1.66931	0.397339	
1.66016	0.177002	
1.68152	0.216064	
1.66779	0.229492	
1.69067	0.671387	
1.67694	0.246277	
1.69525	0.34668	
1.68915	0.298767	
1.69525	0.291443	
1.69678	0.430298	
1.69678	0.19989	
1.70593	0.310364	
1.69373	0.369568	
1.71204	0.438843	
1.69373	0.349121	
1.71204	0.399475	
1.69373	0.346985	
1.70746	0.152283	
1.6983	0.358276	
1.70288	0.386353	
1.70135	0.315857	
1.6983	0.285034	
1.70593	0.328064	
1.69373	0.274658	
1.70746	0.503845	
1.68915	0.28595	
1.70288	0.312805	
1.68457	0.22583	
1.69525	0.223389	
1.68152	0.154114	
1.68304	0.195923	
1.68152	0.150146	
1.67694	0.262146	
1.68152	0.163879	
1.66321	0.211182	
1.67694	0.189819	
1.66016	0.0964355	
1.67236	0.104675	
1.65558	0.0790405	
1.66473	0.0512695	
1.65405	0.46936	
1.65558	0.00549316	
1.651	0.0982666	
1.64337	0.0286865	
1.64948	0.0515747	
1.63574	-0.00488281	
1.6449	0.0100708	
1.62659	-0.0192261	
1.64032	0.644531	
1.62201	-0.00305176	
1.63116	0.0805664	
1.61743	0.00518799	
1.62201	-0.0213623	
1.61591	-0.010376	
1.61133	-0.0576782	
1.61591	-0.0131226	
1.60217	0.20752	
1.61285	-0.0805664	
1.59607	0.0357056	
1.6098	-0.0799561	
1.58691	-0.0704956	
1.59912	-0.0872803	
1.58844	-0.0360107	
1.59149	-0.15625	
1.58691	-0.311279	
1.58234	-0.0637817	
1.58691	0.0250244	
1.57318	-0.113831	
1.58691	-0.0872803	
1.5686	-0.116577	
1.58234	-0.0408936	
1.56555	-0.196533	
1.57471	-0.0817871	
1.5625	-0.0860596	
1.5686	0.00762939	
1.5625	-0.101929	
1.55945	-0.10437	
1.56403	0.0442505	
1.55029	-0.201111	
1.5625	-0.118103	
1.54419	-0.0750732	
1.55945	-0.0482178	
1.53961	-0.100098	
1.55182	-0.123596	
1.53961	-0.112	
1.54266	0.320435	
1.53961	-0.100708	
1.53656	-0.0592041	
1.54114	-0.0146484	
1.53046	-0.11261	
1.54419	-0.0924683	
1.5274	-0.140381	
1.54266	0.0387573	
1.52283	-0.0924683	
1.53961	-0.038147	
1.52283	-0.123291	
1.53046	-0.111389	
1.52435	-0.115051	
1.52435	-0.14679	
1.52588	-0.152283	
1.5152	-0.128174	
1.5274	0.0140381	
1.51062	-0.145264	
1.52283	-0.0872803	
1.50757	-0.09552	
1.5213	-0.151978	
1.50452	-0.219421	
1.51367	-0.1297	
1.50909	-0.00183105	
1.50909	-0.151672	
1.51367	-0.0848389	
1.50146	-0.133057	
1.51367	-0.108337	
1.49994	0.53894	
1.51367	-0.124207	
1.49841	-0.0628662	
1.51367	-0.118103	
1.49841	-0.137939	
1.50909	-0.144043	
1.50452	-0.102844	
1.50452	-0.149231	
1.50909	-0.2771	
1.50146	-0.137329	
1.5152	-0.0363159	
1.49994	-0.121765	
1.5152	-0.123596	
1.49689	-0.122681	
1.51215	-0.12146	
1.49841	-0.14801	
1.50757	-0.288086	
1.50146	-0.0747681	
1.50299	-0.0512695	
1.50909	-0.117798	
1.49689	-0.100098	
1.50909	-0.107422	
1.49231	-0.144958	
1.50604	-0.123596	
1.48926	-0.140686	
1.50604	-0.0894165	
1.49078	-0.00854492	
1.49994	-0.133667	
1.49231	-0.126038	
1.49536	-0.13031	
1.49994	-0.139465	
1.49231	-0.0888062	
1.50604	-0.134277	
1.49536	-0.109253	
1.51215	-0.113831	
1.49689	-0.0576782	
1.51215	-0.127563	
1.49841	-0.0976563	
1.51062	-0.121765	
1.50604	-0.140076	
1.50757	-0.146179	
1.51215	-0.144348	
1.50604	-0.137024	
1.51978	-0.0125122	
1.50757	-0.155029	
1.52283	-0.111389	
1.50757	-0.132751	
1.52435	-0.119629	
1.51062	-0.16571	
1.51978	-0.239868	
1.51367	-0.137939	
1.51367	-0.00976563	
1.5152	-0.173035	
1.50909	-0.149841	
1.52435	-0.150757	
1.51062	-0.166016	
1.5213	-0.17334	
1.50909	-0.254822	
1.52435	-0.197449	
1.50909	-0.121765	
1.5152	-0.369568	
1.50604	-0.217285	
1.51825	-0.338745	
1.49536	-0.258179	
1.49689	-0.226135	
1.51825	-0.226135	
1.50757	-0.180664	
1.51672	-0.0662231	
1.50452	-0.218201	
1.51978	-0.284424	
1.50452	-0.213623	
1.51672	-0.245667	
1.50146	-0.288696	
1.50909	-0.0854492	
1.51215	-0.0256348	
1.51062	-0.09552	
1.51978	-0.00457764	
1.50604	0.0167847	
1.51825	0.10437	
1.49536	0.932922	
1.50299	0.206299	
1.49231	0.245972	
1.50146	0.105591	
1.49994	0.178833	
1.51367	0.252686	
1.51215	0.176392	
1.51367	-1.09314	
1.52435	-0.336609	
1.5213	-0.2005	
1.54419	-2.21863	
1.52435	0.107422	
1.5686	0.118103	
1.55334	0.131836	
1.59149	-0.0738525	
1.58386	0.114746	
1.5976	0.115967	
1.5976	0.482788	
1.60522	0.428162	
1.61896	0.13855	
1.60675	-0.176086	
1.62506	0.336304	
1.61591	-0.160828	
1.63879	0	
1.62659	-0.0012207	
1.64185	0.0564575	
1.63422	0.192261	
1.6449	0.1828	
1.64185	0.177307	
1.64185	0.240479	
1.65253	0.505676	
1.6449	0.454712	
1.66016	0.375061	
1.64337	0.299072	
1.64032	0.391235	
1.65863	0.224304	
1.68304	0.152283	
1.67999	0.213013	
1.69525	0.062561	
1.69525	0.090332	
1.70135	0.0839233	
1.71051	0.654602	
1.70593	0.255127	
1.70746	0.42511	
1.70441	0.343933	
1.72577	0.42511	
1.71509	0.412292	
1.73187	0.388489	
1.71967	0.202026	
1.7334	0.561829	
1.72729	0.770874	
1.73187	0.697021	
1.73492	0.565186	
1.73035	0.571289	
1.74103	0.441284	
1.72729	0.294189	
1.74103	0.39856	
1.71509	0.459595	
1.72119	0.267029	
1.72577	0.369263	
1.72882	0.400391	
1.71661	0.235291	
1.71967	0.165405	
1.71509	0.283813	
1.70593	0.298767	
1.71204	0.233459	
1.69525	0.244141	
1.71509	0.231323	
1.69067	0.245056	
1.70441	0.192871	
1.69067	0.241394	
1.69525	0.218506	
1.68457	0.137329	
1.68304	0.151672	
1.68152	0.102844	
1.67084	-0.00915527	
1.67847	0.150146	
1.66321	0.125427	
1.67542	0.0561523	
1.65405	0.0814819	
1.66626	0.144958	
1.651	-0.0213623	
1.6571	0.00274658	
1.64795	0.0698853	
1.64642	0.143738	
1.64337	0.0418091	
1.63574	0.0915527	
1.64337	0.0250244	
1.61743	0.00976563	
1.62964	0.0970459	
1.61285	0.167542	
1.62354	0.0222778	
1.60828	0.0894165	
1.61743	-0.0131226	
1.60828	0.0210571	
1.60675	0.0717163	
1.60828	0.15564	
1.5976	0.0198364	
1.60065	0.0765991	
1.58539	0.0140381	
1.59607	-0.198975	
1.57928	-0.0668335	
1.59302	0.0119019	
1.57623	-0.114136	
1.58539	-0.146179	
1.57776	-0.143433	
1.58081	0.58197	
1.58081	-0.185852	
1.57471	-0.132141	
1.58081	-0.143127	
1.56708	-0.107117	
1.58691	-0.0485229	
1.57318	-0.0906372	
1.59149	-0.0692749	
1.58081	-0.000610352	
1.58081	0.0439453	
1.58234	-0.00427246	
1.59607	-0.017395	
1.60217	-0.0500488	
1.6037	-0.0814819	
1.61591	-0.0100708	
1.60675	0.115967	
1.62354	0.00671387	
1.6098	-0.020752	
1.62048	0.078125	
1.6098	0.75531	
1.61591	0.26947	
1.60828	0.547791	
1.61896	0.480347	
1.62354	0.486145	
1.62201	0.454102	
1.62659	0.489502	
1.61133	0.324402	
1.63269	0.536499	
1.61591	0.629272	
1.63116	0.581055	
1.61743	0.528564	
1.62506	0.556641	
1.61438	0.378723	
1.61591	0.4245	
1.61438	0.282593	
1.59607	0.249023	
1.61591	0.0537109	
1.5976	-0.0915527	
1.61438	0.0570679	
1.58386	0.345154	
1.59302	0.398865	
1.58386	0.392456	
1.6037	0.420532	
1.60065	0.682678	
1.59607	0.18158	
1.59607	-0.535583	
1.58844	-1.8631	
1.59607	-2.22107	
1.58539	-1.04797	
1.6037	-0.439148	
1.59149	-0.0177002	
1.61438	0.0979614	
1.59454	0.197144	
1.60217	0.212708	
1.58997	0.246277	
1.58997	0.163574	
1.58997	0.171814	
1.58844	0.126343	
1.60675	0.133667	
1.60217	0.0088501	
1.61285	-0.0476074	
1.59912	-0.107727	
1.61438	0.463867	
1.60217	-0.0524902	
1.61591	0.0811768	
1.60217	0.0137329	
1.59454	0.0622559	
1.59454	0.110168	
1.59607	0.0668335	
1.5976	0.0485229	
1.59302	0.0857544	
1.6037	0.198059	
1.58997	0.0234985	
1.60828	0.015564	
1.58844	-0.032959	
1.60522	0.0485229	
1.59454	0.00640869	
1.60065	0.0463867	
1.59454	-0.0396729	
1.59149	-0.0869751	
1.5976	0.00732422	
1.58234	-0.0588989	
1.5976	-0.0488281	
1.57928	-0.0283813	
1.59302	0.0238037	
1.57928	-0.0601196	
1.59302	0.00366211	
1.57928	-0.125427	
1.58234	-0.0378418	
1.58539	-0.0186157	
1.57623	0.0320435	
1.58386	-0.0836182	
1.57471	-0.0643921	
1.58691	-0.0619507	
1.57013	-0.158081	
1.58386	-0.103455	
1.56708	-0.0180054	
1.57776	-0.146484	
1.5686	-0.0631714	
1.57166	-0.144653	
1.57013	-0.233459	
1.56403	-0.163574	
1.5686	-0.0384521	
1.55334	-0.170898	
1.56708	-0.137024	
1.55029	-0.114441	
1.56403	-0.149536	
1.54724	-0.184021	
1.56097	-0.12085	
1.55182	-0.0912476	
1.55334	-0.154114	
1.55182	-0.187988	
1.55029	-0.131836	
1.5564	-0.197754	
1.54419	-0.218201	
1.55945	-0.153503	
1.54419	-0.0418091	
1.55792	-0.180054	
1.54419	-0.116577	
1.5564	-0.157471	
1.54724	-0.0836182	
1.55029	-0.181885	
1.55182	-0.113831	
1.54572	-0.100403	
1.55334	-0.0357056	
1.53809	-0.169373	
1.55334	-0.155029	
1.53656	-0.149231	
1.55334	-0.0900269	
1.53656	-0.140686	
1.54724	-0.167542	
1.53809	-0.111694	
1.54114	0.043335	
1.54114	-0.117188	
1.53503	-0.111389	
1.54114	-0.0973511	
1.52893	-0.146484	
1.54419	-0.335083	
1.52588	-0.135193	
1.53809	-0.00152588	
1.5274	-0.138245	
1.53809	-0.111694	
1.52893	-0.115051	
1.53351	-0.123901	
1.53656	-0.121155	
1.53351	-0.352783	
1.54572	-0.0827026	
1.53656	-0.0256348	
1.5564	-0.0888062	
1.54572	-0.110779	
1.56403	-0.0997925	
1.55334	-0.115967	
1.5686	-0.09552	
1.56708	0.307922	
1.57013	-0.0814819	
1.57776	-0.0247192	
1.57166	-0.0317383	
1.58386	-0.0897217	
1.57318	-0.0881958	
1.58997	-0.100708	
1.57471	-0.0408936	
1.58844	-0.0839233	
1.57623	-0.0811768	
1.58691	-0.0466919	
1.58081	0.0827026	
1.58234	-0.0640869	
1.58691	-0.0299072	
1.57776	-0.0509644	
1.58844	-0.022583	
1.57471	-0.0244141	
1.58997	0.551453	
1.57166	-0.0363159	
1.58539	0.00427246	
1.57166	0.0167847	
1.57928	-0.0665283	
1.57471	-0.0610352	
1.57013	-0.062561	
1.57623	-0.027771	
1.56403	-0.102234	
1.57471	-0.0692749	
1.55792	-0.022583	
1.57471	0.0845337	
1.5564	-0.0927734	
1.56708	-0.0552368	
1.5564	-0.0787354	
1.56097	-0.0320435	
1.55792	-0.155334	
1.55182	-0.0845337	
1.5564	-0.0115967	
1.54419	0.0588989	
1.55487	-0.0704956	
1.53961	-0.0628662	
1.55487	-0.0579834	
1.53503	-0.0115967	
1.54724	-0.114136	
1.53656	-0.0601196	
1.54114	-0.0482178	
1.53656	0.0839233	
1.53198	-0.0869751	
1.53809	-0.0808716	
1.52588	-0.109558	
1.53656	-0.0341797	
1.51978	-0.0292969	
1.53198	-0.100098	
1.51825	-0.0698853	
1.5274	0.0119019	
1.51825	-0.0869751	
1.52283	-0.09552	
1.51978	-0.0970459	
1.5152	-0.0802612	
1.52588	0.41626	
1.51367	-0.0970459	
1.5274	-0.0390625	
1.51062	-0.0463867	
1.5274	-0.0863647	
1.50909	-0.0735474	
1.51978	-0.0741577	
1.51062	-0.0906372	
1.51215	-0.285339	
1.51367	-0.055542	
1.50604	0.0177002	
1.51215	-0.078125	
1.49841	-0.0695801	
1.51215	-0.0894165	
1.49689	-0.0888062	
1.51062	-0.083313	
1.49384	-0.0814819	
1.50757	-0.0201416	
1.49689	0.119934	
1.49994	-0.0265503	
1.49841	-0.00793457	
1.49231	-0.0360107	
1.50146	-0.0405884	
1.48926	0.625	
1.50146	-0.0131226	
1.48468	0.0323486	
1.50299	-0.0186157	
1.48621	-0.0369263	
1.49689	-0.0350952	
1.48621	-0.00915527	
1.49231	-0.0671387	
1.49384	-0.0369263	
1.48468	-0.0238037	
1.49231	0.115051	
1.4801	-0.0845337	
1.49384	-0.0579834	
1.47705	-0.0708008	
1.49231	-0.00610352	
1.47552	-0.155945	
1.48621	-0.112305	
1.47705	-0.0494385	
1.4801	0.0408936	
1.4801	-0.062561	
1.474	-0.0686646	
1.48468	-0.0488281	
1.47247	-0.0241089	
1.48773	-0.0796509	
1.47095	-0.071106	
1.49078	0.0228882	
1.47858	0.0973511	
1.49536	-0.0390625	
1.49078	-0.0228882	
1.49841	-0.0622559	
1.50604	-0.00701904	
1.50604	-0.0543213	
1.52435	-0.0527954	
1.51825	-0.0115967	
1.54114	0.140381	
1.53351	-0.0640869	
1.55487	-0.0372314	
1.54266	-0.027771	
1.5625	0.0177002	
1.55945	-0.106812	
1.56555	-0.0213623	
1.5686	0.0210571	
1.56555	0.1474	
1.57928	0	
1.56708	0.0268555	
1.58386	0.0305176	
1.57013	0.0704956	
1.58844	0.0314331	
1.57623	0.0772095	
1.58539	0.109253	
1.58081	0.209351	
1.58234	0.0244141	
1.58691	0.088501	
1.57928	0.0500488	
1.58844	0.057373	
1.57623	0.00213623	
1.58844	-0.057373	
1.57318	0.0344849	
1.58691	0.121155	
1.57318	0.0198364	
1.58081	-0.027771	
1.57471	0.00457764	
1.57471	0.0164795	
1.57471	-0.0286865	
1.56708	-0.0335693	
1.57928	-0.0280762	
1.56555	0.129395	
1.57928	-0.043335	
1.56097	-0.0537109	
1.57471	-0.103149	
1.56097	-0.057373	
1.56708	-0.134583	
1.55945	-0.134277	
1.55945	-0.143738	
1.56403	0.0265503	
1.55182	-0.179138	
1.56403	-0.150757	
1.54877	-0.1297	
1.56097	-0.249939	
1.55029	-0.012207	
1.55945	-0.090332	
1.53961	-0.0714111	
1.54724	-0.0683594	
1.53809	-0.0613403	
1.53961	-0.0732422	
1.54266	0	
1.53351	-0.123291	
1.54877	-0.121155	
1.53351	-0.0665283	
1.54877	0.122375	
1.53198	-0.0796509	
1.54877	-0.0842285	
1.53198	0	
1.57166	-0.16571	
1.53656	-0.132141	
1.53809	-0.111389	
1.54114	0.0775146	
1.52588	-0.119324	
1.53809	-0.122375	
1.52283	-0.191956	
1.53351	0.229492	
1.51062	-0.179749	
1.5213	-0.132751	
1.52283	-0.0610352	
1.54114	-0.150757	
1.54266	-0.0656128	
1.52435	-0.13031	
1.55487	-0.0756836	
1.56555	-0.0491333	
1.58844	0.0579834	
1.56555	-0.0689697	
1.61743	-0.00183105	
1.56403	-0.00579834	
1.5564	0.471497	
1.54724	-0.0088501	
1.5564	-0.0088501	
1.57471	0.0137329	
1.57013	0.000610352	
1.58081	0.0619507	
1.56708	-0.0463867	
1.58691	0.0552368	
1.61896	0.109253	
1.58386	0.24231	
1.5686	0.0592041	
1.56097	0.0827026	
1.58234	0.0241089	
1.58844	-0.200806	
1.58844	-0.0378418	
1.6037	0.231628	
1.58844	0.117188	
1.60522	0.0830078	
1.62506	0.198059	
1.61133	0.699463	
1.60217	0.14801	
1.54877	0.15625	
1.5976	0.0762939	
1.57623	0.0970459	
1.59607	0.0588989	
1.60065	0.445557	
1.61896	0.0567627	
1.62506	0.1828	
1.66473	0.186157	
1.64795	0.114441	
1.63879	0.120239	
1.66626	0.0183105	
1.64337	0.0686646	
1.64948	0.107727	
1.65863	0.121765	
1.6922	0.120544	
1.6861	0.224304	
1.69525	0.083313	
1.70593	0.171509	
1.70288	0.227356	
1.72577	0.378418	
1.70593	0.249939	
1.73187	0.369873	
1.72882	0.334778	
1.74255	0.357666	
1.73798	0.448914	
1.75629	0.537415	
1.76697	0.470276	
1.77765	0.510864	
1.78375	0.505676	
1.77765	0.397034	
1.79443	0.608521	
1.77155	0.602112	
1.80664	0.507507	
1.78986	0.51178	
1.80511	0.480957	
1.79443	1.31165	
1.79596	0.57251	
1.79443	0.664063	
1.79291	0.647888	
1.81885	0.649414	
1.79596	0.635986	
1.80359	0.966797	
1.78833	0.576477	
1.7807	0.588989	
1.76392	0.494385	
1.80969	0.512085	
1.77917	0.567322	
1.86768	0.537415	
1.79749	0.52887	
1.78986	0.484924	
1.79596	0.479431	
1.75018	0.323792	
1.77002	0.341797	
1.75629	0.220642	
1.78986	0.228271	
1.76086	0.217896	
1.78833	0.276794	
1.77002	0.1828	
1.86157	0.235901	
1.79443	0.118713	
1.80054	0.045166	
1.79138	0.141907	
1.78223	0.126953	
1.7746	0.00549316	
1.69525	-0.0930786	
1.71967	-0.119934	
1.80511	0.237732	
1.80817	-0.0140381	
1.76086	0.0524902	
1.79291	-0.0631714	
1.79443	-0.0540161	
1.79291	-0.0369263	
1.77765	-0.127563	
1.76392	-0.30426	
1.7746	-0.193787	
1.64337	-0.213013	
1.86157	-0.168457	
1.72729	-0.245361	
1.74408	-0.400391	
1.74713	-0.300598	
1.77612	-0.223694	
1.74103	-0.173035	
1.55792	-0.526123	
1.67694	-0.641174	
1.73645	-0.360107	
1.74103	-0.233765	
1.82037	-1.3205	
1.76086	-0.405273	
1.75476	-0.203857	
1.77917	-0.000915527	
1.75934	-0.112305	
1.77002	-0.116882	
1.75629	-0.0952148	
1.76392	-0.1297	
1.75781	-0.187073	
1.75323	-0.100098	
1.76239	0.038147	
1.75171	-0.133972	
1.7746	-0.101013	
1.75629	-0.00671387	
1.77612	-0.101929	
1.76544	-0.10437	
1.75934	-0.0238037	
1.76544	-0.0088501	
1.7807	-0.0830078	
1.77612	-0.00640869	
1.79291	-0.0634766	
1.79138	-0.0344849	
1.79443	-0.0131226	
1.80664	0.0701904	
1.79749	-0.0662231	
1.82343	-0.0146484	
1.79749	-0.108337	
1.82648	-0.0601196	
1.80969	-0.00671387	
1.82037	0.0424194	
1.82648	-0.0350952	
1.84021	0.0137329	
1.85547	0.105896	
1.83868	0.0457764	
1.85699	-0.0109863	
1.84479	0.0527954	
1.87378	0.174561	
1.83563	0.0439453	
1.85394	0.0784302	
1.89362	0.263672	
1.93787	0.253601	
1.9165	0.3479	
1.90887	0.384216	
1.9165	0.541077	
1.90582	0.39032	
1.91956	0.410767	
1.90735	0.400085	
1.92871	0.463867	
1.91498	0.963135	
1.92871	0.450134	
1.91498	0.533752	
1.91956	0.493774	
1.93176	0.445251	
1.91803	0.43396	
1.92566	0.43457	
1.91345	0.385437	
1.92719	1.05804	
1.91193	0.329895	
1.92566	0.366821	
1.9043	0.302429	
1.9165	0.22644	
1.90582	0.231018	
1.90887	0.208435	
1.9043	0.203247	
1.90125	0.276794	
1.90735	0.169067	
1.89209	0.191345	
1.90125	0.129395	
1.88446	0.0723267	
1.89819	0.0643921	
1.87836	0.0518799	
1.88904	-0.0140381	
1.87683	-0.0335693	
1.87988	-0.0332642	
1.87836	0.0894165	
1.8692	-0.131226	
1.87378	-0.109558	
1.85852	-0.143127	
1.86768	-0.115356	
1.84021	-0.245361	
1.86768	-0.159912	
1.84631	-0.057373	
1.85242	-0.220642	
1.84174	-0.115967	
1.84174	-0.0778198	
1.83716	-0.116272	
1.83105	-0.262756	
1.83868	-0.0738525	
1.8219	-0.112305	
1.83258	-0.232849	
1.8158	-0.332031	
1.8158	-0.170593	
1.79901	-0.212708	
1.8158	-0.248108	
1.80817	-0.315857	
1.80969	-0.26947	
1.81427	-0.431824	
1.80359	-0.261841	
1.82343	-0.326538	
1.80664	-0.452881	
1.81885	-0.294495	
1.79901	-0.0762939	
1.81732	-0.252686	
1.79901	-0.162964	
1.80511	-0.22522	
1.79443	0.0289917	
1.79901	-0.301819	
1.79749	-0.205994	
1.79138	-0.342407	
1.80054	-0.284424	
1.78528	-0.233765	
1.79901	-0.109558	
1.78223	-0.296021	
1.79749	-0.214844	
1.7807	-0.224304	
1.78986	-0.27832	
1.7807	-0.222778	
1.78223	-0.279541	
1.78223	-0.325317	
1.7746	-0.267334	
1.78528	-0.126343	
1.76849	-0.275879	
1.78375	-0.27771	
1.76697	-0.186768	
1.77917	-0.249023	
1.76544	-0.24292	
1.7746	-0.223083	
1.76544	-0.103149	
1.76849	-0.285645	
1.76697	-0.281067	
1.75934	-0.234375	
1.77002	-0.308228	
1.75323	-0.300903	
1.76697	-0.238647	
1.74713	-0.152588	
1.76392	-0.283203	
1.74713	-0.264893	
1.75171	-0.226135	
1.74103	-0.261841	
1.74255	-0.31311	
1.74103	-0.237122	
1.73492	-0.147705	
1.74408	-0.279541	
1.72882	-0.257568	
1.7395	-0.178223	
1.72424	-0.24292	
1.74103	-0.221252	
1.72577	-0.153503	
1.73798	0.0320435	
1.73645	-0.0683594	
1.74561	-0.0753784	
1.75323	0.0152588	
1.75323	-0.109253	
1.7746	-0.119324	
1.7746	-0.0775146	
1.80359	0.0262451	
1.79749	-0.156555	
1.82495	-0.201416	
1.82648	-0.115662	
1.85089	-0.238037	
1.85699	-0.237122	
1.87073	-0.230103	
1.88293	-0.0286865	
1.88599	-0.217285	
1.90887	-0.132751	
1.9043	-0.0234985	
1.92413	-0.0680542	
1.91498	-0.0183105	
1.93481	0.0741577	
1.92719	0.221863	
1.93939	0.132446	
1.94092	0.173035	
1.94244	0.196533	
1.95007	0.227051	
1.94397	0.189819	
1.95923	0.304565	
1.95007	0.388184	
1.96686	0.239868	
1.95313	0.248718	
1.97144	0.248718	
1.96228	0.169067	
1.97296	0.157776	
1.97601	0.280151	
1.98212	0.327148	
1.99432	0.202332	
1.98975	0.171814	
2.00806	0.251465	
1.99738	0.103149	
2.01874	0.152893	
2.01111	0.166016	
2.03094	0.331116	
2.02179	0.145874	
2.03247	0.133362	
2.034	0.175476	
2.034	0.206909	
2.04315	0.24292	
2.034	0.377502	
2.04926	0.52002	
2.034	0.420532	
2.05536	0.617065	
2.03857	0.657349	
2.05383	1.21674	
2.04163	0.577698	
2.04926	0.707397	
2.0462	0.692444	
2.0462	0.700684	
2.05688	0.679016	
2.0462	0.649109	
2.06909	0.854797	
2.05688	0.534363	
2.0752	0.579224	
2.06451	0.630493	
2.08282	0.599365	
2.07672	0.680542	
2.08588	0.718994	
2.0874	0.561523	
2.0874	0.576172	
2.09808	0.628662	
2.09045	0.686035	
2.10876	0.477295	
2.09656	0.467834	
2.11487	0.364075	
2.10114	0.352783	
2.11945	0.460815	
2.10571	0.276489	
2.11639	0.301819	
2.1286	0.156555	
2.12402	0.148315	
2.13318	0.038147	
2.11792	0.264893	
2.1225	0.212402	
2.12097	0.26062	
2.13928	0.361328	
2.12097	0.562439	
2.1286	0.465698	
2.11945	0.486755	
2.12708	0.576782	
2.14386	0.516968	
2.13928	0.535278	
2.16217	0.658264	
2.14386	0.675354	
2.15302	0.569458	
2.13318	0.52948	
2.17133	0.525208	
2.14996	1.04828	
2.17743	0.52887	
2.15759	0.536804	
2.17743	0.407104	
2.17438	0.480347	
2.18048	-0.000610352	
2.18964	0.821533	
2.17133	0.226746	
2.16675	0.317383	
2.18048	0.296631	
2.19727	0.294495	
2.18811	0.332336	
2.2049	0.492859	
2.18964	0.26123	
2.1698	0.243225	
2.20337	0.267029	
2.16217	0.0845337	
2.19421	0.158997	
2.17438	0.19104	
2.22168	0.157776	
2.18353	0.0805664	
2.20337	0.0588989	
2.19727	0.00305176	
2.21405	0.0137329	
2.2171	-0.0747681	
2.22168	-0.111084	
2.23694	-0.0372314	
2.22626	-0.0967407	
2.23999	-0.180969	
2.23236	-0.204163	
2.2583	-0.302124	
2.23999	-0.311584	
2.26135	-0.241089	
2.24609	-0.145264	
2.26288	-0.301819	
2.2522	-0.230713	
2.2583	-0.32196	
2.25983	-0.463867	
2.25983	-0.27832	
2.26898	-0.18158	
2.2583	-0.289917	
2.27661	-0.250854	
2.2583	-0.202942	
2.27509	-0.331421	
2.25677	-0.274963	
2.27051	-0.248413	
2.25983	-0.154724	
2.26593	-0.29541	
2.26593	-0.279846	
2.26288	-0.27771	
2.27509	-0.193481	
2.26288	-0.374756	
2.28424	-0.297241	
2.26593	-0.332947	
2.28577	-0.467224	
2.26898	-0.491943	
2.28577	-0.449219	
2.27203	-0.417175	
2.27814	-0.586853	
2.27509	-0.557251	
2.27509	-0.583801	
2.28424	-0.680542	
2.26898	-0.676575	
2.28271	-0.61554	
2.25983	-0.842285	
2.27661	-0.777283	
2.25525	-0.766907	
2.26898	-0.716248	
2.25677	-0.830383	
2.2583	-0.818787	
2.25067	-0.819397	
2.24609	-0.929871	
2.2522	-0.926514	
2.23236	-0.908813	
2.24304	-0.83374	
2.22168	-0.993347	
2.24304	-0.997925	
2.22015	-1.00159	
2.23236	-1.04797	
2.21863	-1.15814	
2.21558	-1.04218	
2.21252	-0.906677	
2.2049	-1.08368	
2.20184	-1.05103	
2.19269	-1.10504	
2.23083	-1.0614	
2.18964	-0.530396	
2.20947	-1.13251	
2.18811	-0.995789	
2.20795	-1.06262	
2.18201	-1.11176	
2.2049	-1.17126	
2.21558	-1.10046	
2.21252	-0.931091	
2.23083	-1.10565	
2.2171	-1.13861	
2.27051	-1.19476	
2.24457	-1.28479	
2.27051	-1.33545	
2.26135	-1.40015	
2.28271	-1.07819	
2.27509	-1.42822	
2.29797	-1.34827	
2.2934	-1.38	
2.2934	-1.41541	
2.3056	-1.36536	
2.29187	-1.45538	
2.31171	-0.828857	
2.29187	-1.35681	
2.31323	-1.22131	
2.2934	-1.29578	
2.2995	-1.30219	
2.29492	-1.25183	
2.31018	-1.23657	
2.3056	-1.25336	
2.29492	-1.14044	
2.30713	-0.986023	
2.29187	-1.16425	
2.3056	-1.07147	
2.28424	-1.06995	
2.30103	-1.08948	
2.28119	-1.15631	
2.2934	-1.04431	
2.29034	-0.909424	
2.28729	-1.09589	
2.29034	-1.05011	
2.28271	-0.984802	
2.29492	-1.01715	
2.27661	-1.04584	
2.2934	-0.935364	
2.27356	-0.870056	
2.28882	-0.979919	
2.27203	-0.984192	
2.27966	-0.928345	
2.27203	-0.957947	
2.27051	-0.985413	
2.27203	-0.859375	
2.26135	-0.758057	
2.27661	-0.834961	
2.25983	-0.828857	
2.28119	-0.785217	
2.26746	-0.865173	
2.29034	-0.885925	
2.28119	-0.982666	
2.2995	-0.914307	
2.3056	-1.15204	
2.31171	-1.19385	
2.32697	-1.17371	
2.32391	-1.20422	
2.34528	-1.23993	
2.33307	-1.23688	
2.35901	-1.1673	
2.34375	-1.25946	
2.36816	-1.21735	
2.35443	-1.13403	
2.37427	-1.10626	
2.36969	-0.938721	
2.36969	-0.834656	
2.37732	-0.661316	
2.36664	-0.789185	
2.3819	-0.723267	
2.36511	-0.583191	
2.38342	-0.422058	
2.36664	-0.58136	
2.38495	-0.519409	
2.37274	-0.52063	
2.38495	-0.580444	
2.38342	-0.553894	
2.38342	-0.592346	
2.3941	0.00640869	
2.388	-0.660706	
2.40936	-0.563354	
2.3941	-0.595703	
2.41547	-0.667419	
2.40173	-0.664673	
2.42004	-0.665894	
2.40936	-0.138855	
2.41547	-0.705261	
2.41394	-0.59082	
2.40784	-0.683594	
2.41394	-0.646667	
2.40326	-0.710754	
2.41852	-0.680237	
2.40021	-0.826111	
2.41699	-0.588684	
2.3941	-0.480347	
2.40936	-0.571899	
2.39258	-0.523071	
2.39716	-0.473022	
2.38953	-0.410767	
2.38037	-0.50293	
2.388	-0.368042	
2.37274	-0.404663	
2.38495	-0.400696	
2.36359	-0.311584	
2.37579	-0.337219	
2.35748	-0.343018	
2.36969	-0.300293	
2.35291	-0.179138	
2.35748	-0.370789	
2.35138	-0.231018	
2.34833	-0.293579	
2.35596	-0.41626	
2.3468	-0.397644	
2.36664	-0.350647	
2.35443	-0.594788	
2.37885	-0.576172	
2.36664	-0.699768	
2.3941	-0.326538	
2.39105	-0.837097	
2.40784	-0.844421	
2.41241	-0.904236	
2.41852	-0.966492	
2.43073	-0.950928	
2.4231	-0.984192	
2.44293	-0.978699	
2.42615	-0.89386	
2.44751	-0.676575	
2.42767	-0.786438	
2.44598	-0.6604	
2.43073	-0.583191	
2.43835	-0.541687	
2.43378	-0.383911	
2.42767	-0.274963	
2.43225	0.0012207	
2.41852	-0.0204468	
2.43225	0.0732422	
2.41089	0.186768	
2.42767	0.0906372	
2.40479	0.173035	
2.42004	0.217285	
2.40326	0.297852	
2.41089	0.149841	
2.40631	0.240784	
2.40326	0.15686	
2.40784	0.0848389	
2.39563	0.258179	
2.40936	0.377808	
2.38953	0.166931	
2.40479	0.206909	
2.38495	0.222168	
2.40631	0.569153	
2.38953	0.198059	
2.39716	0.223389	
2.38953	0.1828	
2.38495	0.152283	
2.388	0.263977	
2.37427	0.172119	
2.38495	0.114136	
2.36511	0.180359	
2.38037	0.25238	
2.35748	0.117798	
2.36969	0.067749	
2.35443	0.0735474	
2.36206	0.0466919	
2.35291	0.0231934	
2.35138	0.0302124	
2.35291	0.012207	
2.34375	-0.0942993	
2.35748	-0.126953	
2.34222	-0.205994	
2.36511	0.387573	
2.35138	-0.334778	
2.37579	-0.364075	
2.36664	-0.521851	
2.38647	-0.617981	
2.38647	-0.740662	
2.39258	-0.895691	
2.40479	-0.602112	
2.40021	-0.942078	
2.42004	-0.816345	
2.40631	-0.953979	
2.42767	-0.987854	
2.41241	-0.907898	
2.4292	-0.942688	
2.41394	-0.904236	
2.42767	-0.78064	
2.42157	-0.472107	
2.41852	-0.454407	
2.4231	-0.340881	
2.41089	-0.305176	
2.42615	0.349121	
2.40631	-0.104675	
2.42767	0.0384521	
2.40936	0.0524902	
2.42157	0.111084	
2.40326	0.125122	
2.41241	0.078125	
2.40173	0.200195	
2.40021	0.290527	
2.40021	0.557861	
2.38953	0.546875	
2.39868	0.687561	
2.38037	0.826721	
2.39563	0.782166	
2.37732	0.92041	
2.39563	0.992737	
2.37885	1.07605	
2.38953	0.97229	
2.3819	1.03485	
2.37732	0.908203	
2.37732	1.23047	
2.36511	0.884399	
2.37579	0.912781	
2.36053	0.818481	
2.37732	0.790405	
2.35901	0.762024	
2.37885	0.61676	
2.36511	0.516052	
2.39105	0.54657	
2.38953	0.628052	
2.39258	0.472107	
2.39716	0.438538	
2.39105	0.397949	
2.40631	0.314331	
2.39563	0.160828	
2.41699	0.239258	
2.39868	0.250854	
2.42004	0.0613403	
2.40784	-0.0189209	
2.42157	-0.0939941	
2.41852	-0.22522	
2.42767	-0.445862	
2.43988	-0.367737	
2.4353	-0.405884	
2.45361	-0.56427	
2.44141	-0.734558	
2.46277	-0.836487	
2.44904	-0.953979	
2.47192	-0.678101	
2.45819	-1.17096	
2.47498	-1.21552	
2.47345	-1.38397	
2.47803	-1.51917	
2.48413	-1.44592	
2.47955	-1.53015	
2.49481	-1.71112	
2.48108	-1.50116	
2.50092	-1.31622	
2.48566	-1.45752	
2.50549	-1.34125	
2.48566	-1.24176	
2.49939	-0.91217	
2.49023	-1.12579	
2.49176	-1.02081	
2.49481	-0.984802	
2.48108	-0.951233	
2.49481	-0.813904	
2.4765	-0.817566	
2.49329	-0.71991	
2.4704	-0.647583	
2.48871	-0.450745	
2.46735	-0.587463	
2.47803	-0.496826	
2.46735	-0.441895	
2.46887	0.136414	
2.4704	-0.393982	
2.45819	-0.302429	
2.46887	-0.340271	
2.45056	-0.335388	
2.46735	-0.248718	
2.44141	-0.337524	
2.45819	-0.361023	
2.43835	-0.261841	
2.44751	-0.169678	
2.4353	-0.293884	
2.43225	-0.31311	
2.43225	-0.259094	
2.42004	-0.00366211	
2.4292	-0.315552	
2.40936	-0.296631	
2.42462	-0.265808	
2.40173	-0.334778	
2.41699	-0.273132	
2.39716	-0.335388	
2.40326	-0.435486	
2.39258	-0.329895	
2.39105	-0.236511	
2.39105	-0.338135	
2.37885	-0.361328	
2.38647	-0.33783	
2.36664	-0.23468	
2.38342	-0.348511	
2.35901	-0.294495	
2.37274	-0.333557	
2.35291	-0.378113	
2.36206	-0.349426	
2.35291	-0.385132	
2.34985	0.164185	
2.34833	-0.374146	
2.33612	-0.327148	
2.3468	-0.386658	
2.32544	-0.387878	
2.34222	-0.339966	
2.31934	-0.41626	
2.33459	-0.67749	
2.31476	-0.424805	
2.32391	-0.331116	
2.31476	-0.468445	
2.31323	-0.478821	
2.31476	-0.458069	
2.3056	-0.52002	
2.31476	-0.66864	
2.2934	-0.45929	
2.31018	-0.339966	
2.28882	-0.47699	
2.30408	-0.43335	
2.28271	-0.414124	
2.29187	-0.475769	
2.28271	-0.530396	
2.28119	-0.480347	
2.28119	-0.336609	
2.27203	-0.482788	
2.28119	-0.455933	
2.26288	-0.425415	
2.27966	-0.509338	
2.2583	-0.498657	
2.27203	-0.423279	
2.25525	-0.369568	
2.2644	-0.482788	
2.25372	-0.411072	
2.25372	-0.467224	
2.25525	0.0366211	
2.24457	-0.441284	
2.25525	-0.363159	
2.23541	-0.42511	
2.25525	-0.393982	
2.23083	-0.343323	
2.24915	-0.375671	
2.23236	-0.549927	
2.24304	-0.256348	
2.23389	-0.107422	
2.23541	-0.231628	
2.23999	-0.273743	
2.23694	-0.262756	
2.2522	-0.304565	
2.24152	-0.457153	
2.26593	-0.343933	
2.25677	-0.375977	
2.28119	-0.636292	
2.27356	-0.713501	
2.2934	-0.892029	
2.2934	-1.00494	
2.30408	-1.29272	
2.31323	-1.08887	
2.31476	-1.09009	
2.33307	-1.19904	
2.32544	-1.20972	
2.34985	-1.09192	
2.33612	-0.997009	
2.35901	-0.929565	
2.34528	-0.663452	
2.36206	-0.340881	
2.35901	-0.322876	
2.36053	-0.112	
2.36511	0.083313	
2.36359	0.193481	
2.37579	0.349731	
2.36053	0.514832	
2.37885	0.733643	
2.36053	0.6427	
2.37885	0.773926	
2.35901	0.8255	
2.37274	0.887146	
2.36359	0.905457	
2.36511	1.03882	
2.36359	1.15387	
2.35748	1.13525	
2.36664	1.26465	
2.34833	1.36383	
2.36511	1.48315	
2.34528	1.34521	
2.35901	1.35132	
2.3407	1.33728	
2.35443	1.45294	
2.34375	1.18164	
2.34833	1.08307	
2.34833	1.05774	
2.34528	0.970764	
2.35901	1.24481	
2.34222	0.801086	
2.36359	0.743408	
2.3468	0.704956	
2.36664	0.606689	
2.35291	0.532837	
2.36969	0.563049	
2.36206	0.48584	
2.36664	0.403442	
2.36816	0.465393	
2.36359	0.580444	
2.37579	0.433044	
2.36053	0.439148	
2.37885	0.506287	
2.35748	0.452576	
2.37579	0.41748	
2.35748	0.498352	
2.37122	0.592041	
2.35901	0.418091	
2.36206	0.430603	
2.36053	0.444031	
2.35748	0.367737	
2.36664	0.97168	
2.34833	0.35553	
2.36359	0.444031	
2.34375	0.324402	
2.35748	0.366516	
2.33765	0.369568	
2.34833	0.429688	
2.33765	0.281677	
2.3407	0.335388	
2.33612	0.419617	
2.33002	0.502319	
2.3407	0.419617	
2.32086	0.356445	
2.33612	0.403137	
2.31476	0.306702	
2.33002	0.300293	
2.30713	0.299377	
2.31934	0.359802	
2.30865	0.179749	
2.31171	0.159912	
2.30865	0.172119	
2.29797	0.110474	
2.30713	0.291138	
2.29034	0.12207	
2.30255	0.226746	
2.28424	0.090332	
2.30103	0.0997925	
2.28271	0.0952148	
2.2995	0.0158691	
2.28729	0.221252	
2.29645	-0.00915527	
2.30103	0.149231	
2.30103	-0.0457764	
2.31476	-0.0616455	
2.31018	-0.0881958	
2.33002	-0.255432	
2.32391	-0.419312	
2.35291	-0.447388	
2.34375	-0.474854	
2.36969	-0.72113	
2.37122	-0.821228	
2.38495	-0.98053	
2.39716	-0.460815	
2.40326	-1.19202	
2.41699	-1.12579	
2.41547	-1.3089	
2.43683	-1.23474	
2.4231	-1.14075	
2.46429	-1.07391	
2.46277	-1.11481	
2.50244	-0.926514	
2.49481	-0.596313	
2.49634	-0.612488	
2.50092	-0.503235	
2.51007	-0.274658	
2.52533	-0.255737	
2.52075	-0.142517	
2.53448	0.125732	
2.52075	0.363159	
2.54974	0.317078	
2.53143	0.489807	
2.55127	0.611877	
2.53601	0.736084	
2.56042	1.36932	
2.55737	0.963135	
2.55585	1.08337	
2.565	1.05835	
2.55737	0.999146	
2.57568	1.01257	
2.56348	0.916443	
2.58636	1.00861	
2.56805	0.721741	
2.58636	0.754089	
2.57721	0.599365	
2.58636	0.397644	
2.58484	0.365601	
2.59094	0.190125	
2.59705	0.071106	
2.59094	0.123596	
2.6062	0.254211	
2.58942	0.228882	
2.60773	0.256348	
2.58789	0.370789	
2.60773	0.166626	
2.59094	0.0872803	
2.60315	0.0646973	
2.6001	0.045166	
2.60773	-0.266418	
2.61078	-0.39093	
2.61078	-0.535889	
2.63062	-0.0509644	
2.60773	-0.756226	
2.63519	-0.743103	
2.62909	-0.891113	
2.64893	-0.907593	
2.64282	-0.940247	
2.66418	-0.934143	
2.66113	-0.962524	
2.65045	-0.828857	
2.6535	-0.558167	
2.65656	-0.539856	
2.66876	-0.379944	
2.6535	-0.190735	
2.69775	-0.00946045	
2.66418	0.10437	
2.71149	0.309143	
2.70996	0.610962	
2.71149	0.621338	
2.68707	0.731812	
2.69165	0.874634	
2.69623	0.944214	
2.6886	0.978699	
2.70233	1.12	
2.68402	1.34766	
2.69623	1.19659	
2.68097	1.14868	
2.70233	1.1203	
2.69623	0.973511	
2.71606	0.825195	
2.68707	0.753174	
2.69775	0.718689	
2.70233	0.568542	
2.72827	0.466919	
2.74353	0.466309	
2.71606	0.412292	
2.742	0.3479	
2.73285	0.415955	
2.76642	0.503235	
2.73285	0.469971	
2.742	0.572815	
2.74658	0.614319	
2.76947	0.592041	
2.76337	0.820313	
2.75726	0.962524	
2.77405	0.992126	
2.75879	0.978088	
2.78168	1.15295	
2.76031	1.08521	
2.78473	1.1795	
2.76489	1.22192	
2.78625	1.34979	
2.78015	1.23047	
2.79388	1.27045	
2.79388	1.17798	
2.79541	0.98938	
2.80609	1.11511	
2.79999	1.18073	
2.81982	0.983887	
2.81067	0.965576	
2.83508	0.896301	
2.82288	1.35162	
2.84576	0.757446	
2.83661	0.826111	
2.85492	0.772705	
2.85187	0.762329	
2.86407	0.783386	
2.87323	1.05164	
2.86865	0.758667	
2.88544	0.835266	
2.87476	0.843811	
2.89459	0.847168	
2.87933	0.975647	
2.9007	0.827942	
2.88696	0.926514	
2.9068	1.02356	
2.89764	1.12335	
2.90375	1.09833	
2.90985	1.27594	
2.90375	1.25671	
2.91443	1.26801	
2.90375	1.40411	
2.92206	1.46606	
2.90222	1.32935	
2.91901	1.39832	
2.90222	1.58051	
2.91595	1.51215	
2.90527	1.51794	
2.90985	1.53717	
2.90833	1.58936	
2.9007	1.46606	
2.90833	1.5155	
2.89459	1.44562	
2.9068	2.03827	
2.88696	1.40198	
2.90375	1.40411	
2.88391	1.28357	
2.89764	1.17065	
2.88849	1.12885	
2.89459	0.982361	
2.89612	0.667419	
2.9007	0.710144	
2.9129	0.65033	
2.90833	0.32959	
2.93121	0.158997	
2.92511	-0.0537109	
2.94952	-0.223389	
2.94037	-0.38208	
2.96173	-0.443115	
2.95563	-0.439758	
2.97394	-0.587463	
2.97546	-0.619202	
2.98004	-0.621948	
2.98615	-0.652466	
2.98004	-0.732117	
2.9953	-0.636597	
2.98309	-0.561218	
3.00598	-0.722656	
2.98767	-0.755005	
3.00293	-0.696411	
2.9892	-0.737305	
2.99988	-0.762329	
2.9953	-0.704346	
2.99835	-0.696716	
3.00446	-0.77301	
3.0014	-0.713196	
3.01514	-0.722351	
3.00446	-0.419922	
3.02429	-0.705261	
3.01056	-0.563049	
3.02734	-0.618286	
3.01514	-0.613403	
3.03802	-0.496216	
3.0304	-0.537109	
3.03345	-0.686035	
3.03497	-0.480652	
3.02582	-0.402527	
3.03802	-0.601501	
3.02429	-0.628052	
3.04108	-0.65033	
3.03345	-0.760498	
3.05176	-0.749817	
3.03955	-0.730896	
3.05481	-0.601501	
3.04871	-0.749817	
3.05634	-0.717773	
3.06091	-0.571289	
3.05939	-0.723877	
3.07159	-0.634155	
3.06091	-0.543823	
3.08075	-0.452271	
3.06549	-0.503235	
3.0838	-0.360413	
3.07007	-0.360413	
3.09143	0.139771	
3.08228	-0.291138	
3.0899	-0.249329	
3.09296	-0.317078	
3.09448	-0.453796	
3.10974	-0.371094	
3.10059	-0.543213	
3.12347	-0.757446	
3.11279	-0.861206	
3.13873	-0.81543	
3.1311	-1.05164	
3.15094	-1.13831	
3.14789	-1.1731	
3.15857	-1.21552	
3.16315	-1.24084	
3.16315	-1.24603	
3.17535	-1.09009	
3.16315	-1.10626	
3.18146	-0.967407	
3.1662	-0.971069	
3.18451	-0.834961	
3.16772	-0.57373	
3.18146	-0.33905	
3.17383	-0.316772	
3.17841	-0.0894165	
3.17688	0.0106812	
3.1723	-0.0344849	
3.17993	0.267029	
3.1662	0.447388	
3.18298	0.411987	
3.16162	0.45929	
3.17841	0.440369	
3.16162	0.500793	
3.17535	0.520325	
3.16467	0.627747	
3.16925	0.517883	
3.16925	0.54718	
3.1662	0.566406	
3.17688	1.07758	
3.1662	0.615234	
3.18604	0.706787	
3.16925	0.665894	
3.18756	0.686035	
3.17383	0.791626	
3.18756	0.741882	
3.17993	0.816345	
3.18451	0.838623	
3.18146	0.98938	
3.17688	0.838318	
3.18756	0.958557	
3.1723	0.884399	
3.18756	0.878601	
3.16925	0.97168	
3.18298	1.08948	
3.16315	0.990295	
3.17078	0.990295	
3.14789	1.09344	
3.1662	1.01318	
3.17383	1.06384	
3.16772	1.1145	
3.17535	1.24329	
3.15857	1.08704	
3.18451	1.10687	
3.1601	1.16699	
3.17078	0.985107	
3.15094	1.07025	
3.16315	1.11176	
3.14941	1.16577	
3.15094	0.994568	
3.14636	1.02264	
3.13568	1.11511	
3.14331	0.924072	
3.12653	0.973206	
3.13873	0.995178	
3.11737	0.985413	
3.12958	0.828857	
3.11279	0.723572	
3.12195	0.621033	
3.11432	0.438538	
3.12042	0.260925	
3.12195	0.183716	
3.11737	0.170898	
3.13263	-0.088501	
3.125	-0.219727	
3.14789	-0.257263	
3.13416	-0.444031	
3.14178	-0.466919	
3.14178	-0.466919	
3.14178	-0.466919	
3.14178	-0.466919	
3.14178	-0.466919	
3.14178	-0.466919	
3.14178	-0.466919	
3.14178	-0.466919	
3.14178	-0.466919	
3.14178	-0.466919	
3.14178	-0.466919	
3.14178	-0.466919	
3.14178	-0.466919	
3.14178	-0.466919	
3.14178	-0.466919	
3.14178	-0.466919	
3.14178	-0.466919	
3.14178	-0.466919	
3.14178	-0.466919	
3.14178	-0.466919	
3.14178	-0.466919	
3.14178	-0.466919	
3.14178	-0.466919	
3.14178	-0.466919	
3.14178	-0.466919	
3.14178	-0.466919	
3.14178	-0.466919	
3.14178	-0.466919	
3.14178	-0.466919	
3.14178	-0.466919	
3.14178	-0.466919	
3.14178	-0.466919	
3.14178	-0.466919	
3.14178	-0.466919	
3.14178	-0.466919	
3.14178	-0.466919	
3.14178	-0.466919	
3.14178	-0.466919	
3.14178	-0.466919	
3.14178	-0.466919	
3.14178	-0.466919	
3.14178	-0.466919	
3.14178	-0.466919	
3.14178	-0.466919	
3.14178	-0.466919	
3.14178	-0.466919	
3.14178	-0.466919	
3.14178	-0.466919	
3.14178	-0.466919	
3.14178	-0.466919	
3.14178	-0.466919	
3.14178	-0.466919	
3.14178	-0.466919	
3.14178	-0.466919	
3.14178	-0.466919	
3.14178	-0.466919	
3.14178	-0.466919	
3.14178	-0.466919	
3.14178	-0.466919	
3.14178	-0.466919	
3.14178	-0.466919	
3.14178	-0.466919	
3.14178	-0.466919	
3.14178	-0.466919	
3.14178	-0.466919	
3.14178	-0.466919	
3.14178	-0.466919	
3.14178	-0.466919	
3.14178	-0.466919	
3.14178	-0.466919	
3.14178	-0.466919	
3.14178	-0.466919	
3.14178	-0.466919	
3.14178	-0.466919	
3.14178	-0.466919	
3.14178	-0.466919	
3.14178	-0.466919	
3.14178	-0.466919	
3.14178	-0.466919	
3.14178	-0.466919	
3.14178	-0.466919	
3.14178	-0.466919	
3.14178	-0.466919	
3.14178	-0.466919	
3.14178	-0.466919	
3.14178	-0.466919	
3.14178	-0.466919	
3.14178	-0.466919	
