10.9879	4.51324	
10.9833	4.46075	
10.9634	4.33014	
10.968	4.19891	
10.9421	4.14551	
10.9436	3.98895	
10.9161	3.90259	
10.9192	3.91235	
10.8994	3.99017	
10.8932	3.70148	
10.8749	3.57849	
10.8658	3.47229	
10.8551	3.39172	
10.7864	3.24707	
10.7864	4.78485	
10.8047	3.18268	
10.849	3.19672	
10.7529	3.23212	
10.8246	2.8418	
10.7391	2.89673	
10.7697	2.82166	
10.8231	2.79663	
10.7605	3.08197	
10.7468	2.63336	
10.7407	2.63031	
10.7452	2.81464	
10.7254	2.44293	
10.7361	2.43927	
10.7224	2.33826	
10.7483	2.40997	
10.7376	2.1814	
10.7544	2.1521	
10.7407	2.20276	
10.759	2.36298	
10.7483	1.93359	
10.7544	2.0285	
10.762	1.91772	
10.7635	1.92505	
10.7895	1.76483	
10.7941	1.8985	
10.8383	1.75598	
10.8536	1.90765	
10.8887	1.73584	
10.8917	1.73767	
10.9283	1.65283	
10.939	1.56708	
10.9818	3.13477	
10.9894	1.56525	
11.0046	1.64612	
11.0352	1.58569	
11.0336	1.44104	
11.058	1.40625	
11.0519	1.40442	
11.0687	1.29639	
11.0596	1.3028	
11.0626	1.18744	
11.0352	1.42914	
11.0275	1.20361	
11.0107	1.16211	
10.9772	1.13525	
10.9421	1.16852	
10.9039	1.17249	
10.8871	1.01959	
10.8597	0.954285	
10.8688	1.03363	
10.8337	1.15143	
10.8414	0.937195	
10.8337	1.09039	
10.8337	0.914917	
10.8383	0.888062	
10.8337	0.861206	
10.8307	0.679016	
10.8093	0.53833	
10.8124	0.401306	
10.788	0.419922	
10.7834	0.0723267	
10.7712	0.141907	
10.8017	0.213013	
10.7864	0.254822	
10.8063	0.364075	
10.791	0.263062	
10.8246	0.35675	
10.8322	0.318298	
10.8475	0.421448	
10.8688	0.0308228	
10.8612	0.178833	
10.8841	0.0671387	
10.878	0.00366211	
10.8704	0.107727	
10.8368	1.08551	
10.8536	0.245056	
10.8582	0.270386	
10.8871	0.469971	
10.8826	0.355835	
10.8673	0.24292	
10.8459	0.209045	
10.8215	0.1474	
10.8597	0.374146	
10.8795	0.300903	
10.8887	0.142517	
10.881	-0.169373	
10.9009	-0.126953	
10.8871	-0.0891113	
10.8978	0.0656128	
10.8795	0.358887	
10.8704	0.210571	
10.8841	0.332031	
10.9009	0.462952	
10.9344	0.26825	
10.9329	0.231323	
10.9741	0.297546	
10.9924	0.146484	
11.0397	0.216064	
11.058	0.294495	
11.087	0.424194	
11.1023	0.13855	
11.1343	0.192261	
11.1496	0.170288	
11.1603	0.163269	
11.1801	0.0704956	
11.1832	0.154724	
11.2076	0.373535	
11.2061	0.1828	
11.2366	0.202332	
11.2244	0.334473	
11.2457	0.177612	
11.232	0.31311	
11.2411	0.387878	
11.2381	0.524902	
11.232	0.232849	
11.232	0.272522	
11.2335	0.23468	
11.2473	0.119324	
11.2442	1.16943	
11.2396	0.185242	
11.2137	0.293884	
11.2213	0.177307	
11.1923	0.090332	
11.1954	0.0521851	
11.1801	-0.000610352	
11.1725	-0.0668335	
11.1649	-0.027771	
11.1511	-0.175171	
11.1542	-0.0473022	
11.1237	-0.194397	
11.1633	0.00396729	
11.1542	-0.215149	
11.1816	-0.26062	
11.1816	-0.275574	
11.2167	-0.357971	
11.2274	-0.37262	
11.2518	-0.414429	
11.2686	-0.362549	
11.2808	0.0466919	
11.2976	-0.369568	
11.2991	-0.309753	
11.322	-0.113831	
11.3068	-0.393677	
11.3235	-0.358887	
11.3022	-0.401306	
11.3129	-0.397339	
11.29	-0.399475	
11.2961	0.531921	
11.2686	-0.351868	
11.264	-0.258789	
11.261	-0.160217	
11.2427	-0.358887	
11.2381	-0.296936	
11.2076	-0.325623	
11.203	-0.324097	
11.1694	-0.30426	
11.1725	-0.367432	
11.1618	0.48645	
11.1526	-0.271301	
11.1404	-0.121765	
11.1481	-0.190125	
11.145	-0.343323	
11.1588	-0.343018	
11.1755	-0.36499	
11.1847	-0.390625	
11.2122	-0.359497	
11.2122	-0.281372	
11.2381	-0.450745	
11.232	-0.36438	
11.2595	-0.248108	
11.2503	0.00213623	
11.2625	-0.348816	
11.2549	-0.306091	
11.2564	-0.350952	
11.261	-0.352783	
11.2488	-0.368347	
11.2518	-0.299072	
11.2305	-0.413208	
11.2518	0.071106	
11.2091	-0.332031	
11.2183	-0.162354	
11.1877	-0.259094	
11.1893	-0.402832	
11.1679	-0.365906	
11.1618	-0.389099	
11.1465	-0.367737	
11.1343	-0.404968	
11.1389	1.11053	
11.1053	-0.291748	
11.1038	-0.168762	
11.0825	-0.196228	
11.0992	-0.335999	
11.0718	-0.367432	
11.0748	-0.37262	
11.0519	-0.36438	
11.0535	-0.543823	
11.0382	-0.548096	
11.0291	-0.383911	
11.0291	-0.211182	
11.0245	-0.428467	
11.0336	-0.266418	
11.0229	-0.354004	
11.0397	-0.354004	
11.0229	-0.28595	
11.0397	-0.415649	
11.0214	-0.314331	
11.0352	-0.282898	
11.0199	-0.0787354	
11.0229	-0.359192	
11.0245	-0.341187	
11.0352	-0.354614	
11.0474	-0.298462	
11.0413	-0.193176	
11.0519	-0.352173	
11.0352	-0.279541	
11.0458	-0.18158	
11.0413	0.00396729	
11.0397	-0.276794	
11.0138	-0.297241	
11.0214	-0.351563	
11.0138	-0.364685	
11.0168	-0.248718	
11.0184	-0.387268	
11.0229	-0.188599	
11.0214	-0.302429	
11.0107	-0.152588	
11.0199	-0.223083	
11.0016	-0.291443	
11.0168	-0.280151	
10.9955	-0.380249	
11.0092	-0.372009	
10.9955	-0.26947	
11.0001	-0.40802	
10.9924	-0.33783	
10.994	-0.263672	
10.997	-0.0488281	
10.9787	-0.292358	
10.9848	-0.357971	
10.9726	-0.527954	
10.9848	-0.506592	
10.9741	-0.547485	
10.9726	-0.449829	
10.9695	-0.870667	
10.9833	-0.813599	
10.997	-0.634766	
10.9894	-0.587769	
10.9909	-1.12335	
10.9818	-1.2735	
11.0046	-0.98938	
10.9833	-0.975037	
11.0107	-1.01257	
10.9802	-0.964355	
10.9879	-0.856323	
10.9772	-1.29974	
10.9894	-1.27411	
10.9756	-1.39038	
10.9863	-1.49689	
10.9879	-0.39093	
10.9802	-1.55762	
10.9894	-1.4566	
10.9848	-1.60461	
10.9894	-1.66718	
10.9604	-1.67175	
10.9726	-1.36993	
10.9772	-1.43311	
11.0092	-1.26495	
10.968	-1.3266	
10.9955	-1.13495	
10.9894	-1.37085	
11.0306	-1.43677	
11.0306	-1.47705	
11.0397	-1.47919	
11.1008	-1.16302	
11.1237	-1.51672	
11.1954	-1.32782	
11.2122	-1.11694	
11.2579	-1.33942	
11.2854	-1.31256	
11.3037	-1.30707	
11.3434	-1.36841	
11.3693	-0.0576782	
11.3785	-1.27258	
11.4014	-1.12885	
11.4105	-1.03546	
11.409	-1.19781	
11.4532	-1.13647	
11.4456	-1.17737	
11.4517	-1.08917	
11.4334	-0.984192	
11.4532	-1.18073	
11.4105	-1.10046	
11.4258	-1.12122	
11.4319	-0.843201	
11.441	-1.10962	
11.467	-1.03394	
11.3953	-1.00494	
11.4044	-0.964661	
11.3739	-0.89325	
11.3922	-0.740356	
11.3785	-0.689392	
11.3861	-0.638428	
11.3861	0.922852	
11.3831	-0.523682	
11.3785	-0.328674	
11.3815	-0.32196	
11.3724	-0.389099	
11.3724	-0.422668	
11.3815	-0.409546	
11.3708	-0.47821	
11.3861	-0.44342	
11.3678	-0.440063	
11.3831	-0.421143	
11.3663	-0.260315	
11.3754	-0.326538	
11.3647	-0.132446	
11.3632	-0.333557	
11.348	-0.301819	
11.3464	-0.304871	
11.3419	-0.266113	
11.3281	-0.343628	
11.3312	-0.333557	
11.3098	-0.368652	
11.322	0.442505	
11.2991	-0.241089	
11.3144	-0.187073	
11.3083	0.000610352	
11.3251	-0.35675	
11.3312	-0.257263	
11.3556	-0.353699	
11.38	-0.354004	
11.4136	-0.368652	
11.4609	-0.314636	
11.496	0.162964	
11.5234	-0.318604	
11.5326	-0.228271	
11.5906	-0.0271606	
11.6028	-0.361633	
11.6516	-0.274048	
11.6699	-0.265503	
11.7126	-0.3302	
11.7371	-0.397034	
11.7706	-0.549011	
11.8195	1.00159	
11.8332	-0.627747	
11.8729	-0.469055	
11.8912	-0.396423	
11.9263	-0.553589	
11.9324	-0.524292	
11.9675	-0.542297	
11.9751	-0.497131	
12.0148	-0.522461	
12.0361	-0.362549	
12.0544	-0.37323	
12.0743	-0.176392	
12.0865	-0.349426	
12.1048	-0.402222	
12.1094	-0.455322	
12.1368	-0.386353	
12.1338	-0.509949	
12.1658	-0.295105	
12.1506	-0.331116	
12.1765	-0.072937	
12.1735	-0.247498	
12.1918	-0.35614	
12.1948	-0.333252	
12.207	-0.338745	
12.2284	-0.317078	
12.2604	0.264893	
12.2772	-0.169678	
12.2787	0.00823975	
12.3123	-0.062561	
12.3047	-0.186157	
12.3337	-0.122681	
12.326	-0.203552	
12.352	-0.168762	
12.3505	-0.146179	
12.3672	0.362854	
12.3703	-0.12207	
12.3734	-0.00274658	
12.3917	0.265198	
12.384	-0.0524902	
12.4268	0.0216675	
12.439	0.0106812	
12.4832	0.0775146	
12.5	0.153198	
12.5504	0.264587	
12.5717	0.431213	
12.6236	0.389404	
12.6556	0.551453	
12.6785	0.632324	
12.7106	0.999756	
12.7151	0.696106	
12.7457	0.749207	
12.7533	0.71991	
12.7808	0.722046	
12.767	0.650024	
12.7853	0.653381	
12.7747	0.674744	
12.7838	0.593872	
12.7838	0.62439	
12.7838	0.684204	
12.7792	0.961914	
12.7594	0.58136	
12.7579	0.566406	
12.7304	0.507507	
12.7304	0.476074	
12.6968	0.417786	
12.6984	0.390015	
12.6633	0.330505	
12.6617	0.285034	
12.6343	0.475159	
12.6205	0.243225	
12.6068	0.477905	
12.587	0.267029	
12.5793	0.0180054	
12.5473	0.00305176	
12.5427	-0.0259399	
12.5153	-0.0708008	
12.5229	-0.000305176	
12.4924	0.0338745	
12.4969	0.783997	
12.471	0.126648	
12.4664	0.135498	
12.4557	0.27771	
12.4344	0.0115967	
12.4252	0.0640869	
12.4054	-0.0238037	
12.41	-0.0421143	
12.3871	-0.0558472	
12.3978	-0.0250244	
12.4115	0.821533	
12.4222	0.0115967	
12.4207	0.15625	
12.4466	0.14679	
12.4603	0.0366211	
12.4939	-0.0244141	
12.5275	-0.071106	
12.5626	-0.141602	
12.6114	-0.195618	
12.6419	0.916443	
12.6862	-0.152283	
12.6999	-0.0274658	
12.7426	0.152588	
12.7457	-0.117493	
12.7731	-0.00823975	
12.7762	-0.103149	
12.7884	-0.0924683	
12.7945	-0.0299072	
12.7914	-0.108948	
12.8082	-0.179749	
12.8098	-0.0857544	
12.8311	0.131531	
12.8113	-0.198669	
12.822	-0.166016	
12.8036	-0.249023	
12.8052	-0.256348	
12.7869	-0.312195	
12.7945	1.2677	
12.7655	-0.244751	
12.7533	-0.14801	
12.7457	-0.083313	
12.7228	-0.397339	
12.7228	-0.37262	
12.6984	-0.444336	
12.709	-0.430298	
12.6923	-0.431213	
12.7319	1.18103	
12.7029	-0.356445	
12.7396	-0.227661	
12.7487	-0.152588	
12.7701	-0.396729	
12.793	-0.343018	
12.8067	-0.363464	
12.8296	-0.381775	
12.8342	-0.310364	
12.8632	-0.465393	
12.8693	-0.402527	
12.9059	-0.4245	
12.8998	-0.222473	
12.9318	-0.4776	
12.912	-0.475464	
12.915	-0.486755	
12.9105	-0.521851	
12.8891	-0.540466	
12.9028	-0.412903	
12.8876	-0.524292	
12.8891	-0.400391	
12.8662	-0.3302	
12.8754	-0.0970459	
12.8357	-0.477905	
12.8357	-0.466003	
12.8052	-0.467834	
12.8067	-0.527039	
12.7808	-0.406189	
12.767	-0.569458	
12.7472	-0.446167	
12.7487	-0.498657	
12.7533	-0.267639	
12.7289	-0.593872	
12.7502	-0.481873	
12.7502	-0.440674	
12.796	-0.232544	
12.8204	-0.343933	
12.886	-0.164795	
12.9242	0.0430298	
12.9913	0.472412	
13.0447	0.236816	
13.0997	0.379028	
13.15	0.440369	
13.1836	0.476074	
13.2385	1.18744	
13.2568	0.620728	
13.298	0.730896	
13.2996	0.9021	
13.3301	0.557556	
13.3301	0.53772	
13.3606	0.460815	
13.3713	0.385437	
13.4033	2.00623	
13.3987	0.401611	
13.4018	0.45929	
13.4155	0.437927	
13.3972	0.167542	
13.4125	0.20813	
13.3896	0.114746	
13.4003	0.149536	
13.3713	0.0390625	
13.382	-0.171509	
13.3682	-0.020752	
13.3667	0.139771	
13.3499	-0.0796509	
13.3423	-0.0341797	
13.3392	-0.0765991	
13.3255	-0.0900269	
13.3392	-0.0958252	
13.324	0.737915	
13.3392	0.00335693	
13.3331	0.085144	
13.3698	0.239258	
13.3682	0.0476074	
13.3881	0.0680542	
13.382	-0.0204468	
13.385	0.00640869	
13.385	-0.0601196	
13.3911	1.54633	
13.3789	0.0177002	
13.3606	0.0961304	
13.3667	0.141907	
13.3392	0.0289917	
13.3469	-0.000610352	
13.3148	-0.0146484	
13.3133	-0.00671387	
13.2813	-0.108337	
13.2965	0.678101	
13.2538	0.00946045	
13.2278	0.0662231	
13.208	0.0656128	
13.1714	-0.0164795	
13.1516	-0.0494385	
13.1195	-0.166626	
13.1287	0.015564	
13.0936	-0.151367	
13.0966	-0.0183105	
13.0554	-0.0918579	
13.0371	0.142212	
13.0127	-0.111084	
13.0142	-0.0796509	
13.0112	-0.0811768	
12.999	-0.135193	
13.0005	0.614014	
12.973	-0.0421143	
12.9822	0.038147	
12.9761	0.337524	
13.0081	0.205688	
13.0173	0.36499	
13.0737	0.52002	
13.1027	0.549316	
13.1561	0.797119	
13.208	0.846863	
13.269	1.10382	
13.3224	0.885315	
13.3591	0.865479	
13.4064	0.790405	
13.4247	0.690613	
13.472	1.46057	
13.4674	0.629578	
13.4918	0.735168	
13.4888	0.814514	
13.504	0.578003	
13.5101	0.533142	
13.5147	0.637207	
13.5086	0.525208	
13.5117	0.772705	
13.4949	0.641479	
13.4735	0.839844	
13.4644	0.687866	
13.4201	0.644226	
13.414	0.671387	
13.3728	0.595398	
13.3713	0.635376	
13.3362	0.483093	
13.3316	0.623169	
13.2996	0.626526	
13.2874	0.879822	
13.2614	0.580139	
13.237	0.596619	
13.2263	0.483398	
13.1897	0.401001	
13.176	0.310364	
13.1454	0.369873	
13.1378	0.233459	
13.0981	0.237427	
13.0997	0.293274	
13.0722	0.479431	
13.063	0.160217	
13.0478	0.233154	
13.031	0.195618	
13.0264	0.223389	
13.0081	0.224304	
13.0142	0.113831	
12.9807	0.166016	
12.9745	0.157166	
12.9395	0.420837	
12.9379	0.180054	
12.912	0.153503	
12.9181	0.144653	
12.9105	0.159302	
12.9288	0.0720215	
12.9517	1.00128	
12.9593	0.196228	
12.9837	0.332336	
12.9959	0.393066	
13.0249	0.191956	
13.0249	0.160522	
13.0524	0.118408	
13.0432	0.154419	
13.0707	0.038147	
13.0692	0.0985718	
13.0859	0.118713	
13.0875	0.344238	
13.0875	0.0131226	
13.0859	0.0338745	
13.0753	-0.0100708	
13.0814	0.0622559	
13.0554	0.0244141	
13.0646	0.0186157	
13.0447	0.0512695	
13.0524	0.240173	
13.0157	-0.0881958	
13.0203	-0.0640869	
13.0096	-0.0418091	
13.0112	-0.21698	
13.0249	0.386658	
12.9959	-0.116272	
13.0203	0.0430298	
13.0035	-0.129089	
13.0188	-0.170288	
13.0203	-0.21759	
13.0615	-0.0881958	
13.0661	-0.275269	
13.1088	-0.168762	
13.118	-0.227966	
13.1516	-0.022583	
13.1607	-0.26947	
13.1729	-0.292053	
13.1851	-0.327759	
13.1927	-0.264587	
13.2217	-0.460205	
13.2263	-0.198975	
13.2385	-0.301208	
13.2187	-0.245361	
13.2263	-0.518799	
13.1989	-0.595398	
13.1989	-0.6427	
13.176	-0.516968	
13.1744	-0.438538	
13.1622	0.588684	
13.1393	-0.326843	
13.1302	-0.190735	
13.1027	-0.134583	
13.089	-0.288391	
13.0539	-0.294495	
13.0508	-0.295105	
13.0188	-0.184631	
13.0142	-0.299072	
12.9868	-0.172119	
12.9776	-0.110779	
12.9578	0.0805664	
12.944	-0.0662231	
12.9395	0.0280762	
12.9288	0.0628662	
12.9349	0.181274	
12.9303	0.320129	
12.9532	0.304871	
12.9517	0.444031	
12.9776	0.545349	
12.973	0.777893	
12.9913	0.506287	
12.9898	0.567627	
13.0066	0.501709	
13.0173	0.543518	
13.031	0.549011	
13.0478	0.440369	
13.0508	0.476379	
13.0783	0.576477	
13.0844	0.779114	
13.0997	0.472107	
13.0936	0.458069	
13.1165	0.406494	
13.1073	0.466309	
13.1165	0.315247	
13.1088	0.338745	
13.1042	0.375671	
13.1073	0.64209	
13.0798	0.323181	
13.0814	0.335083	
13.0615	0.167236	
13.0722	0.193481	
13.0707	1.49597	
13.0768	0.457764	
13.0798	0.668945	
13.1256	0.753479	
13.1439	0.704346	
13.1775	0.680237	
13.2141	0.745239	
13.2523	0.643005	
13.3026	0.65918	
13.327	0.611572	
13.3728	0.783997	
13.3713	0.412598	
13.4048	0.348816	
13.4171	0.396423	
13.4476	0.17395	
13.4583	0.310974	
13.4888	0.341187	
13.5025	0.621643	
13.5117	0.322266	
13.5193	0.440369	
13.5101	0.534668	
13.5208	0.457153	
13.5101	0.583496	
13.5254	0.672913	
13.504	0.85907	
13.5086	0.536804	
13.4872	0.557861	
13.4903	0.653076	
13.4705	0.434265	
13.4583	0.599365	
13.4354	0.585632	
13.414	0.782471	
13.4003	0.585632	
13.3698	0.549927	
13.3713	0.508118	
13.3484	0.411072	
13.3636	0.375061	
13.3652	1.93298	
13.3728	0.401917	
13.3698	0.408325	
13.3896	0.380554	
13.3926	0.234985	
13.4018	0.212402	
13.414	0.15686	
13.414	0.267944	
13.4293	0.0927734	
13.4171	0.168457	
13.4384	0.150452	
13.4201	0.350037	
13.4338	0.0405884	
13.4094	0.0631714	
13.4155	-0.00427246	
13.3957	-0.0387573	
13.3911	0.0112915	
13.3804	-0.102844	
13.3759	0.170898	
13.3575	-0.0189209	
13.3301	0.113525	
13.3362	-0.0131226	
13.3072	-0.0900269	
13.3163	-0.0704956	
13.2813	-0.0592041	
13.2782	-0.106812	
13.2446	0.122681	
13.2004	-0.0274658	
13.1241	-0.100708	
13.1256	-0.0872803	
13.1607	-0.0189209	
13.1485	-0.435486	
13.1516	-0.341187	
13.1424	-0.400085	
13.1409	-0.202026	
13.089	-0.275879	
13.0814	-0.152893	
13.0463	-0.0735474	
13.0386	0.0897217	
13.0081	-0.0726318	
13.0081	-0.045166	
13.0081	-0.0845337	
13.0066	-0.101624	
13.0203	0.474243	
13.0096	0.0411987	
13.031	0.282593	
13.0295	0.395508	
13.06	0.320435	
13.0737	0.402832	
13.1348	0.516663	
13.1638	0.455017	
13.2248	0.672302	
13.269	0.649414	
13.324	0.892944	
13.3682	0.575256	
13.3957	0.585938	
13.4369	0.5896	
13.4521	0.435486	
13.5178	1.20758	
13.5101	0.467834	
13.5513	0.646667	
13.5498	0.449829	
13.5757	0.409851	
13.5712	0.369873	
13.5864	0.420837	
13.5849	0.371399	
13.5849	0.330811	
13.591	0.482178	
13.5849	0.612793	
13.588	0.422668	
13.5696	0.421448	
13.5803	0.406189	
13.5498	0.246887	
13.5773	1.7038	
13.5345	0.303345	
13.5422	0.431824	
13.5284	0.391846	
13.5269	0.302734	
13.5223	0.368652	
13.5025	0.385132	
13.4964	0.257263	
13.4995	0.935364	
13.4949	0.35614	
13.4781	0.529785	
13.4842	0.354919	
13.4521	0.351257	
13.4552	0.32135	
13.4232	0.250244	
13.414	0.346375	
13.3896	0.166931	
13.3682	0.276184	
13.356	0.195313	
13.3362	0.374451	
13.3347	0.065918	
13.3026	0.0900269	
13.3026	0.00640869	
13.2706	-0.03479	
13.2721	-0.0772095	
13.2431	-0.0616455	
13.2416	0.015564	
13.2339	-0.0796509	
13.2278	-0.0228882	
13.2187	0.187378	
13.1973	-0.09552	
13.1927	-0.0546265	
13.1653	-0.136108	
13.1668	-0.110168	
13.1348	-0.112915	
13.1363	-0.110474	
13.118	-0.187683	
13.1378	0.725098	
13.1271	-0.129395	
13.1424	0.0128174	
13.147	0.125122	
13.1439	-0.103455	
13.1531	-0.0509644	
13.1485	-0.105286	
13.1668	-0.142212	
13.1561	-0.167542	
13.1714	-0.108643	
13.1317	-0.0753784	
13.1332	-0.176392	
13.1149	-0.136719	
13.121	-0.19165	
13.1226	0.122986	
13.1134	-0.189209	
13.1073	-0.119934	
13.0844	-0.18158	
13.0814	-0.18219	
13.0524	-0.241699	
13.0524	-0.297241	
13.0325	-0.368042	
13.063	1.2439	
13.0203	-0.466309	
13.0432	-0.322266	
13.0112	-0.256958	
12.9822	-0.423279	
12.9837	-0.39856	
12.9807	-0.72937	
12.9944	-0.993958	
12.9761	-1.16882	
12.9745	-1.44775	
12.9745	-0.934143	
12.973	-1.18988	
12.9608	-0.84198	
12.9868	-0.77179	
12.9898	-0.785217	
13.0157	-0.747681	
13.0264	-0.706177	
13.0493	-0.694275	
13.0615	-0.540161	
13.0661	-0.624695	
13.1042	-0.423584	
13.1149	-0.471191	
13.1531	-0.211182	
13.1424	-0.512085	
13.1699	-0.411072	
13.1638	-0.441284	
13.1897	-0.333557	
13.1912	-0.314636	
13.2263	1.15143	
13.2263	-0.218506	
13.2477	-0.0604248	
13.2736	0.10498	
13.2858	-0.0549316	
13.327	0.083313	
13.3392	0.0735474	
13.385	0.195313	
13.3942	0.633545	
13.4308	0.289612	
13.4399	0.414734	
13.475	0.546875	
13.4827	0.242004	
13.4995	0.248413	
13.5162	0.171509	
13.5208	0.122986	
13.5529	1.5329	
13.5422	0.150146	
13.5727	0.302124	
13.5727	0.254517	
13.591	0.123596	
13.5712	0.166321	
13.5818	0.184631	
13.5681	0.193787	
13.5696	0.91156	
13.5559	0.294189	
13.5437	0.405273	
13.5391	0.547791	
13.5147	0.307922	
13.5178	0.2771	
13.4857	0.26001	
13.4888	0.39917	
13.4537	0.203857	
13.4552	0.375061	
13.4232	0.363159	
13.4186	0.569153	
13.3911	0.303345	
13.3743	0.265503	
13.3575	0.291748	
13.3331	0.348206	
13.324	0.353088	
13.2904	0.201721	
13.2919	0.366211	
13.2599	0.312805	
13.2675	0.517883	
13.2416	0.26001	
13.2477	0.248108	
13.2309	0.33844	
13.2233	0.22522	
13.2095	0.341187	
13.1927	0.142822	
13.1866	0.247192	
13.1699	0.286865	
13.1851	0.527039	
13.1668	0.19043	
13.1805	0.227966	
13.1531	0.124512	
13.1607	0.148315	
13.1424	0.118408	
13.1577	1.54266	
13.1363	0.144348	
13.1317	0.202026	
13.1287	0.177612	
13.1119	0.00244141	
13.121	0.071106	
13.0997	0.0744629	
13.1088	-0.0961304	
13.0981	0.296021	
13.0966	0.0119019	
13.0783	0.214233	
13.0844	0.0524902	
13.0707	-0.0195313	
13.0737	-0.0222778	
13.0707	0.117493	
13.063	-0.129395	
13.0829	-0.0231934	
13.089	-0.0161743	
13.1271	0.284119	
13.1165	-0.088501	
13.1485	-0.0274658	
13.1439	0.0109863	
13.1638	-0.126343	
13.1744	0.106506	
13.1775	0.0628662	
13.1805	0.195618	
13.1897	-0.000610352	
13.208	0.027771	
13.2156	-0.0354004	
13.2431	0.0228882	
13.2401	-0.117493	
13.2645	0.0128174	
13.2507	0.0109863	
13.2751	0.273132	
13.2523	-0.0592041	
13.2614	-0.071106	
13.2446	-0.0857544	
13.2462	-0.105896	
13.2477	0.0457764	
13.2416	-0.131836	
13.2446	0.00427246	
13.2309	0.114136	
13.2324	-0.133667	
13.2095	-0.107422	
13.2202	-0.0238037	
13.1882	-0.285034	
13.1958	-0.201721	
13.1744	-0.0967407	
13.1836	0.083313	
13.176	-0.142822	
13.1805	-0.0680542	
13.1882	-0.0216675	
13.1882	-0.0918579	
13.2019	0.071106	
13.1989	-0.0125122	
13.2339	0.246582	
13.2309	0.017395	
13.2706	0.0582886	
13.2813	-0.00366211	
13.3224	-0.0570679	
13.3621	1.46912	
13.385	0.0921631	
13.4155	0.217285	
13.4293	0.09552	
13.4537	0.0515747	
13.4552	0.0241089	
13.4842	0.115051	
13.4674	-0.118408	
13.4872	0.0338745	
13.472	0.0631714	
13.4964	0.310669	
13.4796	0.0198364	
13.4888	0.0479126	
13.4766	-0.0146484	
13.4644	-0.11322	
13.4567	0.043335	
13.4384	-0.201721	
13.4415	-0.130005	
13.4109	-0.0643921	
13.4155	0.143127	
13.3804	-0.141296	
13.385	-0.0860596	
13.3469	-0.128479	
13.3438	-0.159607	
13.3255	-0.178833	
13.3255	-0.24353	
13.3209	1.28052	
13.2965	-0.219727	
13.2919	-0.0363159	
13.2721	-0.0805664	
13.2721	-0.183105	
13.2477	-0.213928	
13.2538	-0.2005	
13.2278	-0.21637	
13.2309	-0.316162	
13.2172	-0.1297	
13.2095	-0.248108	
13.1927	-0.149231	
13.1851	-0.315247	
13.179	-0.271912	
13.1668	-0.355835	
13.1653	-0.274048	
13.147	-0.223389	
13.147	-0.445251	
13.1149	-0.267944	
13.1195	-0.265503	
13.0936	0.0012207	
13.0951	-0.233765	
13.0814	-0.197144	
13.0859	-0.23468	
13.0829	-0.186462	
13.0859	-0.35675	
13.0936	-0.324707	
13.0859	-0.258789	
13.1027	-0.0292969	
13.0859	-0.339661	
13.1012	-0.26947	
13.0844	-0.340881	
13.0981	-0.221558	
13.0783	-0.238037	
13.0936	-0.22522	
13.0875	-0.188599	
13.092	-0.0524902	
13.0783	-0.341187	
13.0692	-0.358887	
13.0737	-0.257263	
13.0569	-0.42572	
13.0661	-0.309448	
13.0432	-0.323181	
13.0554	-0.107422	
13.028	-0.361023	
13.0432	-0.335693	
13.028	-0.227356	
13.0295	-0.418396	
13.0173	-0.218506	
13.0157	-0.300903	
13.0188	-0.144043	
13.0035	-0.379028	
13.0096	-0.315247	
12.9944	-0.297546	
13.0066	-0.435181	
12.9898	-0.307312	
12.999	-0.258484	
12.9883	-0.0759888	
12.9929	-0.273743	
12.9791	-0.26825	
12.9807	-0.271606	
12.9761	-0.371399	
12.9807	1.3681	
12.9684	-0.270996	
12.9517	-0.237122	
12.9593	-0.235596	
12.9349	-0.302124	
12.9501	-0.326233	
12.9471	-0.249329	
12.9654	-0.490723	
12.9517	-0.366821	
12.9623	-0.202637	
12.9654	-0.0576782	
12.9562	-0.271912	
12.9654	-0.217285	
12.9547	-0.140991	
12.9669	-0.29541	
12.9532	-0.169678	
12.9745	-0.158081	
12.9593	0.0219727	
12.9745	-0.247498	
12.999	-0.177612	
13.0127	-0.125732	
13.0035	-0.326843	
13.0142	-0.19989	
13.031	-0.259094	
13.0386	-0.000610352	
13.063	-0.214233	
13.0692	-0.212402	
13.1058	-0.161743	
13.1134	-0.109558	
13.15	-0.250549	
13.1592	-0.182495	
13.2004	-0.0650024	
13.2202	0.163574	
13.2416	-0.163574	
13.2584	-0.12085	
13.269	-0.207214	
13.2935	-0.201721	
13.295	-0.144958	
13.324	-0.217285	
13.3133	-0.0860596	
13.3392	-0.136108	
13.3286	0.0726318	
13.3377	-0.187378	
13.3179	-0.163879	
13.3209	-0.157166	
13.3102	-0.205994	
13.3026	-0.270996	
13.3118	1.02997	
13.2874	-0.250549	
13.2996	-0.155029	
13.2813	-0.137329	
13.2889	-0.284119	
13.2645	-0.281067	
13.2721	-0.273132	
13.2492	-0.289001	
13.2538	-0.30365	
13.2462	1.10504	
13.2324	-0.276489	
13.2248	-0.124817	
13.2126	-0.170898	
13.2111	-0.318604	
13.1897	-0.288391	
13.2004	-0.313721	
13.176	-0.345459	
13.1897	-0.262146	
13.1668	-0.403137	
13.1836	-0.259094	
13.1638	-0.304871	
13.1699	-0.0613403	
13.1653	-0.277405	
13.1622	-0.331421	
13.1699	-0.317383	
13.1668	-0.372009	
13.1836	-0.328979	
13.176	-0.292053	
13.1973	0.083313	
13.1882	-0.305786	
13.2141	-0.211792	
13.205	-0.0537109	
13.2156	-0.325623	
13.2263	-0.255432	
13.2294	-0.310669	
13.237	-0.301819	
13.2278	-0.316772	
13.2568	1.25458	
13.2355	-0.264282	
13.2553	-0.116882	
13.2462	-0.13855	
13.266	-0.220032	
13.2523	-0.219116	
13.2675	-0.219727	
13.2629	-0.133972	
13.2675	-0.301514	
13.269	-0.193787	
13.2645	-0.0860596	
13.2721	0.0949097	
13.2538	-0.25177	
13.2645	-0.250854	
13.2446	-0.232239	
13.2568	-0.326538	
13.2523	0.0592041	
13.2568	-0.254211	
13.2401	-0.101929	
13.2431	-0.252686	
13.2324	-0.26001	
13.2278	-0.240784	
13.2294	-0.107117	
13.2172	-0.376587	
13.2217	-0.202332	
13.205	-0.189819	
13.2202	0.020752	
13.1989	-0.307617	
13.2111	-0.26001	
13.1943	-0.209656	
13.205	-0.376587	
13.1958	-0.328064	
13.2004	-0.326843	
13.1989	-0.122375	
13.1927	-0.412903	
13.1958	-0.411377	
13.1927	-0.339966	
13.2019	-0.532532	
13.1897	-0.432739	
13.2065	-0.374451	
13.1927	-0.20874	
13.205	-0.437012	
13.1973	-0.455627	
13.2126	-0.412903	
13.2065	-0.606384	
13.2172	-0.469666	
13.2202	-0.380859	
13.2233	-0.215149	
13.2401	-0.492859	
13.2416	-0.439148	
13.2629	-0.44281	
13.2553	-0.513	
13.2935	1.01013	
13.2645	-0.409241	
13.2843	-0.185852	
13.2751	-0.246277	
13.2843	-0.278931	
13.2858	-0.254822	
13.2919	-0.198975	
13.3087	-0.0854492	
13.3133	-0.0134277	
13.3453	1.11755	
13.3392	0.0616455	
13.3698	0.209045	
13.3606	0.326233	
13.3759	0.158691	
13.3682	0.160217	
13.385	0.0811768	
13.3881	0.122681	
13.4018	1.28967	
13.4125	0.201721	
13.4171	0.249634	
13.4293	0.259094	
13.4125	0.0805664	
13.4293	0.15686	
13.4125	0.0634766	
13.4262	0.101624	
13.4079	0.209961	
13.4216	0.0332642	
13.4048	0.157471	
13.414	0.206909	
13.4171	0.541077	
13.4109	0.179138	
13.4247	0.2005	
13.4262	0.141296	
13.4506	0.177612	
13.4552	0.117188	
13.4933	0.227966	
13.4903	0.114441	
13.5406	0.402527	
13.53	0.235291	
13.5605	0.427246	
13.5635	0.236511	
13.5742	0.122375	
13.5818	0.198669	
13.5864	0.0732422	
13.6032	0.106506	
13.5925	0.102234	
13.6093	0.0869751	
13.5956	1.05194	
13.6078	0.145874	
13.5864	0.236511	
13.5956	0.302429	
13.5727	0.032959	
13.5727	0.119629	
13.5651	0.0378418	
13.5574	-0.0418091	
13.5529	0.00335693	
13.533	-0.0521851	
13.5559	0.835876	
13.5071	-0.0177002	
13.5117	0.14801	
13.4888	0.0268555	
13.4949	-0.088501	
13.472	-0.125732	
13.475	-0.178223	
13.4583	-0.135803	
13.4521	-0.108948	
13.446	-0.189514	
13.4415	-0.132751	
13.4445	-0.161438	
13.4308	0.117493	
13.4369	-0.114746	
13.4109	-0.0393677	
13.4171	-0.0787354	
13.3896	-0.0790405	
13.3896	-0.129089	
13.3896	0.584106	
13.3621	-0.157776	
13.3514	0.1474	
13.3423	-0.0366211	
13.3469	-0.128174	
13.3347	-0.107117	
13.3545	-0.0942993	
13.3423	-0.147705	
13.382	0.646973	
13.353	-0.0384521	
13.3698	0.0421143	
13.3575	-0.0906372	
13.3636	-0.189819	
13.3591	-0.197754	
13.3575	-0.088501	
13.3759	-0.209656	
13.3728	-0.098877	
13.3835	-0.0643921	
13.385	0.185242	
13.4079	-0.0912476	
13.4033	-0.134583	
13.4338	-0.0799561	
13.4277	0.0112915	
13.4476	-0.100098	
13.4567	0.0793457	
13.4552	0.00427246	
13.4598	0.126953	
13.4598	-0.119629	
13.4674	-0.220947	
13.4659	-0.142212	
13.4888	-0.0582886	
13.4766	-0.165405	
13.504	-0.0524902	
13.4888	-0.0424194	
13.5117	0.316162	
13.501	-0.0311279	
13.5178	-0.0418091	
13.5223	-0.0253296	
13.533	-0.00457764	
13.5468	0.515137	
13.5529	0.0665283	
13.5788	0.27832	
13.5818	0.37323	
13.6047	0.137329	
13.6032	0.175476	
13.6353	0.170288	
13.6368	0.238342	
13.6597	0.0854492	
13.6673	0.211182	
13.6917	0.313721	
13.7161	0.592651	
13.7268	0.174255	
13.7527	0.235901	
13.7604	0.17395	
13.7909	0.175171	
13.7924	0.276489	
13.8184	0.167542	
13.8123	0.187988	
13.8412	0.290527	
13.8382	0.545959	
13.8504	0.263977	
13.8535	0.384827	
13.8718	0.414734	
13.8931	0.48584	
13.9114	0.582886	
13.9557	0.568237	
13.9862	1.83594	
14.0305	0.562744	
14.0488	0.596619	
14.0976	0.537109	
14.1083	0.23468	
14.1464	0.18158	
14.1571	0.148926	
14.1785	0.133667	
14.1983	0.285645	
14.1953	0.276794	
14.1891	0.542603	
14.2288	0.48584	
14.2349	0.85083	
14.2319	0.648193	
14.2258	0.678101	
14.2365	0.718689	
14.2624	0.795898	
14.2487	0.673523	
14.2639	2.26196	
14.2349	0.906982	
14.2426	1.08917	
14.2365	1.13678	
14.2334	1.10809	
14.2609	1.17523	
14.2715	1.27106	
14.325	1.16608	
14.3494	1.35712	
14.4058	1.24237	
14.4333	1.50513	
14.5142	1.17889	
14.5477	1.18866	
14.5844	1.18469	
14.6133	1.26617	
14.6301	1.68579	
14.6576	1.48041	
14.6576	1.60187	
14.6835	1.57562	
14.6835	1.42242	
14.6988	1.70563	
14.6805	1.66595	
14.6713	1.65497	
14.6851	1.75171	
14.682	1.79962	
14.6683	2.05566	
14.6561	1.71906	
14.6469	1.66229	
14.6576	1.94916	
14.6667	1.93695	
14.682	2.31934	
14.6973	2.05994	
14.6896	2.20764	
14.7171	2.07733	
14.7049	2.03888	
14.7232	1.97052	
14.7141	1.86584	
14.7339	3.35205	
14.711	1.88965	
14.7156	1.95496	
14.7049	1.90857	
14.682	1.78741	
14.6912	1.76971	
14.6652	1.87073	
14.6652	1.68335	
14.6347	1.74744	
14.6332	1.83655	
14.6027	1.98975	
14.5889	1.61713	
14.5508	1.56372	
14.534	1.57837	
14.5065	1.41357	
14.4867	1.53809	
14.4775	1.45966	
14.444	1.60889	
14.4257	1.36719	
14.3845	1.31409	
14.3738	1.31195	
14.328	1.31989	
14.3112	1.32263	
14.27	1.32141	
14.2578	1.39862	
14.2258	1.49475	
14.2014	1.23901	
14.1922	1.16974	
14.1724	1.10474	
14.1663	1.15204	
14.1342	1.43982	
14.1312	1.13739	
14.093	1.15967	
14.09	1.22833	
14.0472	0.960693	
14.0427	0.917664	
14.0152	0.924377	
14.0106	0.885925	
13.9954	1.77002	
13.9755	0.98938	
13.9709	1.08704	
13.9496	1.07391	
13.9465	0.923462	
13.9191	0.875549	
13.9282	0.788574	
13.8977	0.838928	
13.9053	0.651245	
13.8779	0.801697	
13.8672	0.710449	
13.858	0.848389	
13.8412	0.587769	
13.8367	0.635986	
13.8382	0.669861	
13.8596	0.69458	
13.8779	0.724182	
13.9282	1.13678	
13.9603	0.826111	
14.0335	1.05682	
14.0717	1.11694	
14.1388	0.910645	
14.1891	0.987854	
14.2502	0.943298	
14.2914	0.974426	
14.3265	0.758362	
14.3707	0.881958	
14.3845	0.836182	
14.4165	1.07971	
14.4089	0.727844	
14.4241	0.733948	
14.4043	0.66864	
14.4104	0.644836	
14.3921	0.711975	
14.3997	0.655212	
14.3875	0.716553	
14.3829	0.671692	
14.3677	0.904541	
14.3326	0.458984	
14.3173	0.575256	
14.2868	0.539246	
14.2792	0.524902	
14.2426	0.557556	
14.2365	0.421143	
14.1983	0.509644	
14.1891	0.512695	
14.1525	0.690308	
14.1327	0.393066	
14.1052	0.380554	
14.0808	0.319214	
14.0625	0.362854	
14.0335	0.427246	
14.0213	0.388184	
13.9847	0.467834	
13.9694	0.453491	
13.9297	0.628357	
13.9359	0.365906	
13.916	0.447388	
13.9191	0.393372	
13.8992	0.345154	
13.887	0.462036	
13.8687	0.361938	
13.855	0.328369	
13.8504	0.234985	
13.829	0.310974	
13.8336	0.0143433	
13.8153	0.0668335	
13.8184	0.0143433	
13.7878	0.0735474	
13.7939	-0.0140381	
13.7924	0.445251	
13.7695	0.0317383	
13.7589	0.177307	
13.7421	-0.0369263	
13.7344	-0.107117	
13.7115	-0.0827026	
13.7161	-0.0106812	
13.6887	-0.152893	
13.7009	-0.0131226	
13.6688	-0.0750732	
13.6703	0.166016	
13.6414	-0.0631714	
13.649	-0.0341797	
13.6383	-0.0747681	
13.6368	-0.0250244	
13.6292	-0.149231	
13.6185	-0.0552368	
13.6261	-0.0112915	
13.6093	0.258179	
13.6185	-0.0930786	
13.5986	-0.1474	
13.6139	-0.24353	
13.5971	-0.303955	
13.6017	-0.397339	
13.588	-0.278015	
13.5925	-0.386658	
13.5925	-0.237732	
13.5895	-0.481567	
13.5895	-0.523682	
13.5757	-0.6427	
13.5803	-0.639954	
13.5544	-0.698547	
13.5788	0.838318	
13.5498	-0.576782	
13.562	-0.329895	
13.5437	-0.363159	
13.5513	-0.520935	
13.5376	-0.481567	
13.53	-0.633545	
13.5254	-0.53894	
13.5086	-0.707092	
13.5162	-0.508728	
13.4918	-0.392761	
13.5071	-0.137939	
13.4918	-0.594177	
13.5376	-0.665588	
13.5208	-0.542603	
13.5391	-0.404663	
13.533	-0.565491	
13.5544	-0.560303	
13.562	-0.556641	
13.5651	-0.299072	
13.5696	-0.489502	
13.5666	-0.361328	
13.5864	-0.310974	
13.5818	-0.126953	
13.6169	-0.203857	
13.6246	-0.0445557	
13.6734	-0.0265503	
13.6963	0.24353	
13.7375	-0.14801	
13.7726	-0.203247	
13.8138	-0.340576	
13.8489	-0.362854	
13.8718	-0.727844	
13.9084	-0.692444	
13.9267	-0.863037	
13.9938	-0.715027	
14.0121	-1.16608	
14.0717	-1.18469	
14.09	-1.29761	
14.1357	-1.22986	
14.1541	-1.31226	
14.1937	-1.25214	
14.2212	-1.10077	
14.2426	-0.84259	
14.2609	-1.10474	
14.2578	-1.02936	
14.2715	-0.979309	
14.2578	-0.866089	
14.2685	-0.917664	
14.2471	-0.775146	
14.2532	-0.637512	
14.2288	-0.344238	
14.2075	-0.596008	
14.1922	-0.493164	
14.1754	-0.412292	
14.1495	-0.372925	
14.1159	-0.393982	
14.1159	0.0857544	
14.0625	-0.168762	
14.0625	0.0152588	
14.0198	-0.125732	
14.0167	-0.131531	
13.9771	-0.124207	
13.9648	-0.138245	
13.9313	-0.107117	
13.916	-0.10437	
13.8947	-0.136108	
13.8657	-0.100403	
13.8443	0.169678	
13.8	0.0415039	
13.7863	0.0946045	
13.7543	0.106812	
13.765	0.145569	
13.7589	0.0863647	
13.8062	1.35254	
13.797	0.142822	
13.8504	0.233765	
13.8947	0.188599	
13.9343	-0.0704956	
13.9725	-0.128174	
13.9908	-0.325623	
14.0305	-0.327759	
14.0411	-0.573425	
14.0991	0.57251	
14.0869	-0.668945	
14.1281	-0.547485	
14.1205	-0.721436	
14.1434	-0.839844	
14.1357	-0.880127	
14.1449	-0.913086	
14.1357	-0.922241	
14.1327	-0.924072	
14.1357	0.213013	
14.1098	-0.799561	
14.1098	-0.56427	
14.0808	-0.557251	
14.0793	-0.649414	
14.0411	-0.58197	
14.0411	-0.573425	
14.003	-0.50293	
13.9999	-0.359192	
13.9694	-0.462341	
13.9572	-0.397339	
13.9297	-0.352478	
13.9252	-0.0817871	
13.913	-0.422974	
13.887	-0.41626	
13.8901	-0.424194	
13.8565	-0.479431	
13.8596	-0.377808	
13.8245	-0.519409	
13.8336	-0.372009	
13.8077	-0.397949	
13.8077	-0.150757	
13.7817	-0.427551	
13.768	-0.455933	
13.7543	-0.505066	
13.7283	-0.554199	
13.7222	-0.472717	
13.6917	-0.566101	
13.6963	-0.415039	
13.6597	-0.476685	
13.6658	-0.299683	
13.6337	-0.568542	
13.6307	-0.535278	
13.6063	-0.535889	
13.5925	-0.637512	
13.5849	-0.578613	
13.5712	-0.792542	
13.5696	-0.720215	
13.5544	-0.648804	
13.562	-0.366211	
13.5391	-0.817871	
13.5498	-0.756226	
13.5269	-0.766602	
13.5422	-0.769653	
13.5223	0.13031	
13.5284	-0.705872	
13.5193	-0.560913	
13.5162	-0.570068	
13.5086	-0.735168	
13.4995	-0.718384	
13.5056	-0.636902	
13.4811	-0.778503	
13.4949	-0.593262	
13.4705	-0.621643	
13.4888	-0.386047	
13.4613	-0.679626	
13.472	-0.656128	
13.4552	-0.669861	
13.4583	-0.613708	
13.4521	-0.743713	
13.4567	-0.663452	
13.4567	-0.574646	
13.4445	-0.400696	
13.4491	-0.705566	
13.4277	-0.659485	
13.443	-0.666504	
13.4186	-0.612183	
13.443	-0.672302	
13.4369	-0.291443	
13.4293	-0.510864	
13.4171	-0.308228	
13.4155	-0.484009	
13.4094	-0.501709	
13.3942	-0.509644	
13.3972	-0.535278	
13.3789	-0.542908	
13.3881	-0.586243	
13.3682	-0.625	
13.3789	-0.489197	
13.3606	-0.299683	
13.3682	-0.566711	
13.3514	-0.520935	
13.3575	-0.559692	
13.3484	-0.581665	
13.3469	0.347595	
13.3438	-0.536194	
13.3347	-0.400085	
13.3438	-0.369263	
13.3209	-0.569153	
13.3362	-0.505066	
13.3224	-0.592651	
13.3347	-0.481262	
13.3163	-0.617065	
13.324	-0.420837	
13.3163	-0.542603	
13.3224	-0.296326	
13.3102	-0.639038	
13.3011	-0.618896	
13.3148	-0.569153	
13.2996	-0.602112	
13.3163	-0.474548	
13.2965	-0.638123	
13.3179	-0.542297	
13.298	-0.567627	
13.3209	-0.296326	
13.3026	-0.657349	
13.3102	-0.552368	
13.3011	-0.741882	
13.3011	-0.652466	
13.3118	-0.593872	
13.3102	-0.668945	
13.3347	-0.384216	
13.3133	-0.513611	
13.3392	-0.267944	
13.327	-0.502014	
13.356	-0.4953	
13.3453	-0.547485	
13.3621	-0.581055	
13.3636	-0.498962	
13.3713	-0.651855	
13.3774	-0.52948	
13.3804	-0.531311	
13.3789	-0.307312	
13.3698	-0.594177	
13.4018	-0.565491	
13.3926	-0.614624	
13.4201	-0.718689	
13.3957	-0.797424	
13.4262	0.820313	
13.3804	-0.689087	
13.3804	-0.538635	
13.3774	-0.578918	
13.3759	-0.708618	
13.3835	-0.725708	
13.3728	-0.72876	
13.385	-0.676575	
13.3667	-0.515137	
13.382	-0.570984	
13.3621	-0.503845	
13.3789	-0.364075	
13.3575	-0.677185	
13.3804	-0.689392	
13.3743	-0.738525	
13.385	-0.651855	
13.3896	-0.760193	
13.3926	-0.692139	
13.4079	-0.612488	
13.4033	-0.380249	
13.414	-0.757446	
13.4003	-0.740662	
13.4216	-0.785828	
13.4064	-0.783691	
13.4125	-0.828247	
13.3987	0.292053	
13.385	-0.678101	
13.3911	-0.452576	
13.4033	-0.590515	
13.4171	-0.634766	
13.4186	-0.568237	
13.4399	-0.541992	
13.4354	-0.520325	
13.4705	0.774841	
13.4552	-0.3479	
13.4857	-0.155945	
13.4766	-0.229492	
13.4949	-0.361633	
13.4903	-0.423889	
13.501	-0.541077	
13.5056	-0.592041	
13.5208	0.986328	
13.5178	-0.530396	
13.5117	-0.463867	
13.53	-0.540161	
13.5132	-0.706787	
13.533	-0.72937	
13.5178	-0.717773	
13.5315	-0.757751	
13.5223	0.213928	
13.5239	-0.743103	
13.5178	-0.599365	
13.5147	-0.628052	
13.5071	-0.770874	
13.4979	-0.752258	
13.5056	-0.773315	
13.4872	-0.696411	
13.501	-0.812988	
13.4903	-0.560913	
13.4933	-0.617065	
13.4781	-0.409546	
13.4888	-0.600281	
13.4827	-0.655823	
13.4918	-0.621033	
13.4995	-0.636597	
13.5071	-0.622559	
13.5361	-0.626221	
13.5544	0.629578	
13.5864	-0.526428	
13.5971	-0.370789	
13.6368	-0.322266	
13.6414	-0.538025	
13.678	-0.49469	
13.6826	-0.538635	
13.7039	-0.528564	
13.71	-0.530396	
13.7161	-0.696411	
13.7299	-0.586548	
13.7238	-0.558472	
13.7405	-0.295715	
13.7177	-0.644226	
13.7329	-0.548401	
13.7115	-0.558167	
13.7207	-0.570984	
13.7009	-0.53009	
13.6993	-0.690002	
13.6795	-0.542297	
13.6703	-0.615845	
13.6627	-0.30365	
13.6398	-0.602112	
13.6368	-0.589905	
13.6078	-0.587769	
13.6124	-0.591125	
13.5834	-0.500793	
13.5818	-0.584412	
13.5468	-0.492249	
13.5468	-0.472107	
13.533	-0.19165	
13.5284	-0.58075	
13.5345	-0.620422	
13.5284	-0.767212	
13.533	-0.817566	
13.5132	-0.739746	
13.5422	0.78125	
13.5147	-0.743713	
13.5193	-0.575562	
13.4918	-0.757446	
13.501	-0.8078	
13.4888	-0.742798	
13.4979	-0.689392	
13.4964	-0.753479	
13.4964	-0.599976	
13.5086	-0.613403	
13.4995	-0.359802	
13.5086	-0.752563	
13.4979	-0.635376	
13.5132	-0.614624	
13.4964	-0.543518	
13.5162	-0.710144	
13.5056	-0.632935	
13.5132	-0.516357	
13.5101	-0.278931	
13.5056	-0.6427	
13.5071	-0.623779	
13.4964	-0.596313	
13.504	-0.644531	
13.4872	0.0527954	
13.4995	-0.598755	
13.4811	-0.421143	
13.4995	-0.31189	
13.4735	-0.535583	
13.4827	-0.529175	
13.4674	-0.552368	
13.4674	-0.520325	
13.4613	-0.630798	
13.4521	-0.499573	
13.4598	-0.506592	
13.443	-0.309753	
13.4506	-0.542908	
13.4308	-0.560913	
13.4491	-0.537415	
13.4369	-0.519409	
13.4583	-0.422363	
13.4506	0.383606	
13.4598	-0.320129	
13.4567	-0.177307	
13.4598	-0.137329	
13.4583	-0.326233	
13.4476	-0.33783	
13.4613	-0.387268	
13.4491	-0.419922	
13.4689	-0.38147	
13.4521	-0.611267	
13.4735	-0.467224	
13.4705	-0.46051	
13.4949	-0.199585	
13.4964	-0.517273	
13.5132	-0.540466	
13.5376	-0.591431	
13.5468	-0.618286	
13.5742	-0.546265	
13.5651	-0.782166	
13.5986	-0.587463	
13.5971	-0.595093	
13.6322	-0.316772	
13.6261	-0.566711	
13.6581	-0.510254	
13.6688	-0.493164	
13.6963	-0.474548	
13.7085	-0.483704	
13.7054	-0.509338	
13.7192	1.11237	
13.681	-0.391235	
13.6826	-0.226135	
13.6703	-0.25116	
13.6826	-0.350647	
13.6612	-0.346375	
13.678	-0.387573	
13.6688	-0.400085	
13.6749	-0.453186	
13.6749	0.690613	
13.6536	-0.509644	
13.652	-0.440674	
13.6444	-0.499573	
13.6429	-0.555115	
13.6215	-0.606995	
13.6307	-0.636292	
13.6078	-0.477905	
13.6215	-0.399475	
13.591	-0.482178	
13.6078	-0.298157	
13.6002	0.0311279	
13.6139	-0.123291	
13.6261	0.0296021	
13.6353	0.0167847	
13.6581	0.107422	
13.6765	1.67358	
13.6963	0.192871	
13.6993	0.28656	
13.7421	0.223389	
13.7451	0.10498	
13.7848	0.0344849	
13.7894	-0.0518799	
13.8184	-0.199585	
13.8489	0.654907	
13.8519	-0.127563	
13.8702	0.00946045	
13.8779	-0.163269	
13.8962	-0.266724	
13.8947	-0.184937	
13.9267	-0.0927734	
13.9145	-0.265198	
13.9389	0.0210571	
13.9252	0.0106812	
13.9496	0.279541	
13.9359	-0.0564575	
13.9404	0.00671387	
13.9313	0.0708008	
13.9267	0.191345	
13.9236	0.124512	
13.9099	0.288391	
13.9114	0.308228	
13.8901	0.514832	
13.8962	0.317993	
13.8702	0.3479	
13.8794	0.3302	
13.855	0.283203	
13.8565	0.369263	
13.8367	0.273132	
13.8321	0.276184	
13.8214	0.377197	
13.8092	0.50415	
13.8046	0.221558	
13.7802	0.198059	
13.7848	0.142517	
13.7604	0.108032	
13.7695	0.202332	
13.7405	-0.0466919	
13.7466	0.101013	
13.7268	0.1828	
13.736	0.341187	
13.7207	0.143433	
13.7085	0.0909424	
13.6978	-0.0100708	
13.6749	-0.128784	
13.6826	-0.0344849	
13.6612	-0.1651	
13.6841	-0.0738525	
13.6612	-0.0823975	
13.6765	0.188293	
13.6581	-0.108337	
13.6673	-0.0543213	
13.6536	-0.0857544	
13.6536	-0.110779	
13.652	-0.137329	
13.6505	0.97229	
13.649	-0.0741577	
13.6337	0.0460815	
13.6444	0.124512	
13.623	-0.0570679	
13.6368	0.010376	
13.6139	-0.0222778	
13.6276	0.0247192	
13.6108	-0.116577	
13.6154	-0.0457764	
13.6093	-0.00915527	
13.6093	0.226746	
13.6063	-0.128784	
13.5941	-0.0720215	
13.6017	-0.0927734	
13.5864	-0.106201	
13.6002	0.181274	
13.5803	-0.109253	
13.5941	0.0158691	
13.5803	0.129089	
13.5864	-0.0592041	
13.5788	-0.0708008	
13.5803	-0.135803	
13.5773	-0.137939	
13.5864	1.37543	
13.5788	-0.0643921	
13.5666	0.0912476	
13.5864	0.0872803	
13.5712	-0.00274658	
13.5956	0.0796509	
13.5849	0.159912	
13.6154	0.106506	
13.623	0.295715	
13.6444	0.328979	
13.6612	0.564575	
13.678	0.280457	
13.7009	0.290527	
13.71	0.305176	
13.7451	0.346069	
13.7421	0.206299	
13.7787	0.325623	
13.7711	0.303345	
13.8062	0.539856	
13.7955	0.195618	
13.8153	0.213623	
13.8153	0.187378	
13.8229	0.179443	
13.826	0.0921631	
13.8351	1.42731	
13.8351	0.119629	
13.826	0.224609	
13.8412	0.188904	
13.8184	0.00579834	
13.8351	0.0747681	
13.8138	0.0125122	
13.8245	-0.012207	
13.8107	0.955811	
13.8138	0.0537109	
13.8062	0.181885	
13.8	0.180054	
13.797	0.012207	
13.7848	0.0234985	
13.7894	-0.00274658	
13.7665	-0.0408936	
13.7787	0.0527954	
13.7527	-0.0402832	
13.7802	0.471802	
13.7421	0.0549316	
13.7497	0.236511	
13.7344	0.107727	
13.7253	0.0445557	
13.7207	0.0668335	
13.71	-0.0296021	
13.707	0.0012207	
13.6871	0.0723267	
13.6932	0.0244141	
13.6658	0.100098	
13.6734	0.135803	
13.652	0.300293	
13.6612	0.0564575	
13.652	0.0488281	
13.6612	0.0238037	
13.6642	-0.0296021	
13.6658	-0.017395	
13.6734	0.0515747	
13.6566	-0.219727	
13.6642	-0.199585	
13.6551	-0.239868	
13.6658	0.0744629	
13.6444	-0.263062	
13.6658	0.00244141	
13.6551	0.104675	
13.681	0.224609	
13.6993	0.306702	
13.7421	1.9635	
13.7619	0.577698	
13.7955	0.795288	
13.8443	0.765076	
13.8733	0.629272	
13.9343	0.620117	
13.9542	0.554199	
13.9908	0.61554	
13.9999	0.388184	
14.0488	0.415649	
14.0884	0.384216	
14.1235	0.634766	
14.1479	0.155334	
14.1861	0.0759888	
14.212	0.209351	
14.2166	0.196533	
14.2365	0.0976563	
14.238	0.260925	
14.2487	0.309143	
14.2593	0.535278	
14.3143	0.351868	
14.325	0.307922	
14.3463	0.343628	
14.3448	0.404663	
14.3509	0.421753	
14.3494	1.49475	
14.3326	0.570984	
14.3265	0.776062	
14.3021	0.863953	
14.3036	0.727844	
14.2746	0.746155	
14.2776	0.748596	
14.2517	0.782776	
14.2487	0.526733	
14.2151	0.644836	
14.209	0.587769	
14.1891	0.78186	
14.1647	0.484924	
14.1617	0.543823	
14.1418	0.550537	
14.1449	0.562134	
14.1144	0.491333	
14.1266	1.69586	
14.0854	0.487366	
14.093	0.595093	
14.064	0.599365	
14.0579	0.403748	
14.035	0.394592	
14.0213	0.324402	
14.0121	0.355835	
13.9923	0.257263	
14.0106	0.877991	
13.9694	0.281677	
13.9633	0.464783	
13.9374	0.244141	
13.9557	0.201416	
13.9328	0.159607	
13.9435	0.118713	
13.9175	0.196838	
13.9191	0.21637	
13.9114	0.0720215	
13.8992	0.127563	
13.8977	0.178528	
13.8824	0.390015	
13.8824	-0.0244141	
13.8596	0.0402832	
13.8641	0.0195313	
13.8367	0.017395	
13.8504	0.00183105	
13.8168	-0.143738	
13.8382	0.0357056	
13.8199	-0.0961304	
13.8138	0.241699	
13.8138	-0.0219727	
13.7985	-0.162964	
13.7985	-0.150146	
13.7695	-0.173645	
13.7711	-0.238342	
13.7512	1.14838	
13.7543	-0.140381	
13.7375	0.0439453	
13.7573	0.0561523	
13.739	-0.0991821	
13.7482	-0.0479126	
13.7527	-0.0473022	
13.7436	-0.0686646	
13.7482	0.00854492	
13.7329	0.0762939	
13.7299	0.172424	
13.736	-0.0949097	
13.7756	-0.0396729	
13.8184	0.0210571	
13.8107	-0.00671387	
13.8184	0.654602	
13.8565	-0.039978	
13.8718	0.147095	
13.9008	0.181274	
13.9175	0.0131226	
13.9191	-0.0231934	
13.9389	0.0180054	
13.9313	-0.162964	
13.9587	-0.00152588	
13.9435	0.0921631	
13.9648	0.436096	
13.945	0.157166	
13.9862	0.256958	
14.0091	0.487061	
14.0533	0.394287	
14.1068	0.665894	
14.1724	0.71991	
14.2365	0.984497	
14.2807	0.566711	
14.328	0.489502	
14.357	0.317078	
14.418	0.44342	
14.4409	0.176392	
14.4989	0.274963	
14.5126	0.249634	
14.5508	0.515442	
14.5493	0.0970459	
14.5584	0.0442505	
14.5584	0.0109863	
14.5477	-0.0378418	
14.5462	0.0772095	
14.5157	-0.032959	
14.5142	0.168152	
14.4714	0.206299	
14.4669	0.553284	
14.4165	0.163879	
14.4028	0.201416	
14.3661	0.196838	
14.357	0.167847	
14.3326	0.149536	
14.3433	0.274353	
14.3372	0.325012	
14.3173	0.221252	
14.3158	0.339966	
14.2853	0.52063	
14.2944	0.300293	
14.2929	0.238647	
14.3265	0.269775	
14.3417	0.255737	
14.3387	0.326233	
14.2899	0.740662	
14.3005	0.180054	
14.2731	0.249023	
14.2563	0.382996	
14.2822	0.258484	
14.2548	0.322266	
14.2258	0.308533	
14.1846	0.319519	
14.1708	0.2005	
14.1586	0.432739	
14.1815	0.120239	
14.1708	0.264893	
14.1647	-0.219421	
14.1403	-0.343018	
14.1357	-0.3302	
14.1235	-0.38208	
14.0884	-0.558167	
14.0945	-0.555115	
14.0793	-0.715637	
14.1037	-0.827026	
14.0823	-0.635681	
14.1068	-0.506897	
14.0945	-0.444641	
14.1251	-0.393982	
14.119	-0.471191	
14.1479	-0.020752	
14.1449	-0.422363	
14.1525	-0.192261	
14.1983	-0.351257	
14.2227	-0.247803	
14.2685	-0.122375	
14.27	0.0350952	
14.3082	0.107117	
14.3173	0.247498	
14.3631	0.42572	
14.3829	0.663147	
14.4287	0.62561	
14.4562	0.685425	
14.5126	0.809326	
14.5538	0.731506	
14.595	0.85907	
14.6439	0.852051	
14.6652	1.1084	
14.7034	0.725403	
14.7018	0.701599	
14.7293	0.686951	
14.7125	0.688782	
14.7186	0.778809	
14.711	0.532532	
14.7186	0.687561	
14.7095	0.726318	
14.7018	0.41626	
14.7003	0.556946	
14.6805	0.459595	
14.6774	0.488892	
14.6362	0.864868	
14.6301	0.51239	
14.6042	0.698853	
14.6133	0.805969	
14.5859	0.575867	
14.595	0.609131	
14.5752	0.627747	
14.5737	0.667114	
14.5569	0.580139	
14.5401	0.743408	
14.5432	0.690613	
14.5264	1.0321	
14.5248	0.660095	
14.4958	0.667725	
14.5126	0.652466	
14.5065	0.6427	
14.5309	0.662537	
14.5081	0.546875	
14.534	0.67627	
14.5264	0.631714	
14.537	0.922546	
14.5355	0.610046	
14.5233	0.58136	
14.5279	0.585632	
14.5264	0.332947	
14.5477	0.509338	
14.5248	0.592346	
14.5386	0.483704	
14.5248	0.986328	
14.5187	0.683899	
14.4897	0.834656	
14.4745	0.603027	
14.4562	0.594177	
14.4577	0.474548	
14.4455	0.455017	
14.4348	0.52948	
14.4318	0.294189	
14.3982	0.387268	
14.4058	0.447388	
14.3845	0.335693	
14.3921	0.635986	
14.36	0.355835	
14.3616	0.325623	
14.3387	0.33783	
14.3326	0.320129	
14.3158	0.374451	
14.3051	0.269775	
14.299	0.852051	
14.2776	0.303345	
14.2807	0.420532	
14.2578	0.408936	
14.2639	0.184021	
14.2349	0.102234	
14.2517	0.166016	
14.2181	0.151978	
14.2212	0.0286865	
14.1983	0.107422	
14.1953	0.0540161	
14.1846	0.253906	
14.1632	-0.0344849	
14.1693	-0.138245	
14.151	-0.171509	
14.1632	-0.253906	
14.1449	-0.245667	
14.1541	-0.478516	
14.1403	-0.467529	
14.1617	-0.385132	
14.1541	-0.174255	
14.1693	-0.396729	
14.1724	-0.281982	
14.1861	-0.122681	
14.2044	-0.0109863	
14.2105	-0.137634	
14.2395	-0.00518799	
14.2319	-0.0201416	
14.2654	0.244141	
14.2502	-0.027771	
14.2685	-0.0524902	
14.2624	-0.11261	
14.2868	-0.117798	
14.2731	-0.0924683	
14.2731	-0.272217	
14.2868	-0.187683	
14.2838	-0.0350952	
14.296	0.267029	
14.2914	-0.163574	
14.2929	-0.100098	
14.2715	-0.127563	
14.2868	-0.0637817	
14.267	-0.140991	
14.2822	0.482483	
14.2593	-0.0106812	
14.27	0.116272	
14.2532	0.216675	
14.2517	-0.0735474	
14.2395	0.000305176	
14.2303	0.0253296	
14.2319	0.129395	
14.2075	-0.0665283	
14.2181	0.0610352	
14.1953	-0.0238037	
14.2059	0.271301	
14.1724	-0.0845337	
14.1815	-0.0177002	
14.1571	-0.107422	
14.1647	-0.0512695	
14.151	-0.264893	
14.1449	-0.133362	
14.1418	-0.0686646	
14.1342	0.163269	
14.1357	-0.134888	
14.1235	-0.151672	
14.1327	-0.211487	
14.1113	-0.159912	
14.1205	-0.393066	
14.0961	-0.239868	
14.1098	-0.145874	
14.0945	0.0418091	
14.093	-0.275269	
14.0793	-0.273743	
14.0717	-0.238953	
14.0732	-0.242004	
14.0549	-0.0311279	
14.0549	-0.24231	
14.0305	-0.121765	
14.0518	-0.0942993	
14.035	-0.395813	
14.0457	-0.357056	
14.0213	-0.464783	
14.0289	-0.426331	
14.0167	-0.305481	
14.0213	-0.461731	
14.0228	-0.320435	
14.0167	-0.171204	
14.0213	-0.394287	
14.0045	-0.390625	
14.0182	-0.406799	
13.9969	-0.475159	
14.0137	0.078125	
13.9893	-0.434875	
14.0045	-0.28717	
13.9893	-0.217896	
13.9908	-0.436707	
13.9786	-0.390015	
13.9648	-0.4776	
13.9542	-0.526428	
13.9374	-0.178223	
13.9404	-0.488892	
13.9313	-0.415039	
13.9542	-0.278015	
13.9267	-0.625305	
13.9282	-0.567017	
13.9114	-0.598755	
13.9267	-0.66864	
13.9389	0.7547	
13.9359	-0.57251	
13.9359	-0.309448	
13.9389	-0.365906	
13.9511	-0.41687	
13.945	-0.430298	
13.9694	-0.42511	
13.9633	-0.440063	
14.0015	-0.273132	
13.9999	-0.227051	
14.0381	0.0442505	
14.0381	-0.221252	
14.0671	-0.159607	
14.0747	-0.206604	
14.0976	-0.151672	
14.1174	-0.162354	
14.1266	-0.170593	
14.151	-0.103455	
14.1403	0.0585938	
14.1541	-0.15564	
14.1464	-0.188293	
14.1663	-0.242004	
14.151	-0.315247	
14.1754	0.847168	
14.1632	-0.240784	
14.1754	-0.107117	
14.1739	-0.108643	
14.1983	-0.276794	
14.1861	-0.269775	
14.183	-0.294495	
14.2029	-0.189514	
14.1891	-0.380249	
14.2212	-0.217285	
14.2105	-0.258484	
14.2365	0.0570679	
14.212	-0.309448	
14.2151	-0.271912	
14.2303	-0.327148	
14.2929	-0.305481	
14.2487	-0.331421	
14.2426	-0.359497	
14.267	0.77179	
14.2349	-0.318298	
14.2563	-0.174255	
14.2395	-0.254822	
14.2517	-0.310974	
14.2273	-0.38208	
14.2349	-0.382996	
14.2166	-0.454712	
14.2166	-0.355225	
14.2029	-0.485535	
14.1937	-0.386963	
14.183	-0.349426	
14.1769	-0.072937	
14.1861	-0.477295	
14.1632	-0.469971	
14.1739	-0.491638	
14.1495	-0.515137	
14.1617	-0.461426	
14.1418	-0.525513	
14.1617	-0.116272	
14.1327	-0.388794	
14.1281	-0.262756	
14.119	-0.464478	
14.0945	-0.474854	
14.0915	-0.456543	
14.0747	-0.516357	
14.0869	-0.485229	
14.0747	-0.498352	
14.1098	0.518188	
14.0762	-0.484924	
14.0869	-0.317993	
14.0717	-0.466003	
14.0762	-0.554504	
14.0671	-0.576782	
14.061	-0.792847	
14.0732	-0.654602	
14.0671	-0.635986	
14.0839	-0.857544	
14.0778	-0.708618	
14.1037	-0.546265	
14.09	-0.198059	
14.1068	-0.518494	
14.0915	-0.513611	
14.1052	-0.53009	
14.0915	-0.427856	
14.0961	-0.540466	
14.1052	-0.169373	
14.0823	-0.394287	
14.09	-0.153198	
14.0778	-0.359192	
14.0915	-0.37262	
14.0701	-0.351563	
14.0808	-0.376587	
14.0549	-0.359192	
14.0701	-0.390015	
14.0533	-0.418701	
14.064	-0.467834	
14.061	-0.0793457	
14.0594	-0.460205	
14.061	-0.376892	
14.0518	-0.437927	
14.0656	-0.305786	
14.0579	-0.4245	
14.0732	-0.367126	
14.0549	-0.375061	
14.0671	-0.0463867	
14.0381	-0.306396	
14.0472	-0.274353	
14.0381	-0.245667	
14.0442	-0.0805664	
14.0488	-0.177307	
14.0594	0.0546265	
14.0747	0.159607	
14.0808	0.45105	
14.0915	0.173645	
14.093	0.180359	
14.1327	0.209351	
14.1403	0.198059	
14.1785	0.20874	
14.1861	0.176392	
14.2197	0.138245	
14.2319	0.400696	
14.2502	0.122986	
14.2654	0.221252	
14.2731	0.117798	
14.2929	0.0588989	
14.3051	1.43677	
14.3082	0.175171	
14.2929	0.300293	
14.2929	0.210266	
14.2776	0.0860596	
14.3112	0.114441	
14.328	0.171509	
14.3478	0.0497437	
14.3524	0.100403	
14.3616	0.101318	
14.3845	0.32196	
14.389	-0.00701904	
14.4165	0.00915527	
14.415	-0.0241089	
14.4409	0.0259399	
14.4318	-0.0402832	
14.4547	0.090332	
14.4424	-0.0250244	
14.4577	0.296326	
14.4379	-0.0680542	
14.4409	-0.0326538	
14.4272	-0.0674438	
14.4196	-0.119019	
14.418	-0.0845337	
14.4012	0.243835	
14.4104	-0.112915	
14.3875	0.0204468	
14.3997	0.13031	
14.3707	-0.164185	
14.3768	-0.205688	
14.3509	-0.237732	
14.3585	-0.274658	
14.3509	-0.177612	
14.3555	-0.274048	
14.3585	-0.175171	
14.3661	-0.22583	
14.3845	0.153198	
14.3753	-0.19043	
14.3951	-0.198059	
14.386	-0.220032	
14.4043	-0.223999	
14.3875	-0.144348	
14.3951	-0.246887	
14.3799	-0.211792	
14.389	-0.12085	
14.3784	0.124207	
14.3753	-0.227661	
14.3829	-0.282288	
14.3829	-0.278015	
14.4012	-0.34668	
14.3951	-0.260925	
14.4119	-0.304565	
14.4043	-0.150452	
14.418	-0.208435	
14.4043	0.0576782	
14.4165	-0.204163	
14.4012	-0.259094	
14.4089	-0.21637	
14.4012	-0.235291	
14.3967	-0.240173	
14.3967	-0.281677	
14.3982	1.15143	
14.4058	-0.199585	
14.3921	-0.0350952	
14.4104	0.00213623	
14.3951	-0.179443	
14.418	-0.186157	
14.4089	-0.189209	
14.4363	-0.184631	
14.4409	-0.141296	
14.4592	-0.29541	
14.4699	-0.162048	
14.476	-0.100403	
14.4897	0.233459	
14.4791	-0.15686	
14.5004	-0.137939	
14.4897	-0.183105	
14.5172	-0.203857	
14.5111	-0.122681	
14.534	-0.116577	
14.5294	-0.258179	
14.5493	-0.131836	
14.5538	0.0686646	
14.5645	-0.181274	
14.5828	-0.168762	
14.5874	-0.190735	
14.6118	-0.0820923	
14.6088	0.017395	
14.6454	-0.027771	
14.65	0.0875854	
14.6912	0.271301	
14.6881	0.0543213	
14.7217	0.117493	
14.7263	0.113525	
14.7507	0.0973511	
14.7781	1.78009	
14.7873	0.270386	
14.8193	0.388184	
14.8422	0.285339	
14.8865	0.259705	
14.9033	0.255737	
14.9521	0.375671	
14.9811	0.205688	
15.0528	0.391541	
15.0818	0.312195	
15.1413	0.55603	
15.152	0.213928	
15.1794	0.189209	
15.2054	0.141296	
15.2191	0.137634	
15.2451	0.050354	
15.2512	0.117798	
15.2847	0.261536	
15.2786	0.453796	
15.2985	0.0753784	
15.2863	0.0863647	
15.3046	0.153503	
15.2771	0.0494385	
15.2802	0.296021	
15.2466	0.192566	
15.2374	0.367126	
15.2298	0.192871	
15.2054	0.131531	
15.1993	0.169067	
15.1672	0.230713	
15.1672	0.113525	
15.1367	0.175476	
15.1321	0.189819	
15.1093	0.318604	
15.1077	0.0292969	
15.0787	0.0973511	
15.065	0.00335693	
15.0558	-0.0253296	
15.0375	0.134888	
15.0391	-0.0698853	
15.0177	0.0463867	
15.0223	0.121765	
14.9872	-0.132141	
14.9963	-0.149231	
14.9673	-0.106201	
14.9689	-0.169678	
14.9582	1.36932	
14.946	0.00213623	
14.9414	0.0759888	
14.9429	-0.00488281	
14.9506	-0.119019	
14.9323	-0.152893	
14.9384	-0.106201	
14.9231	-0.194092	
14.9429	0.545959	
14.9155	-0.126953	
14.9292	0.0662231	
14.917	0.196838	
14.9353	0.114441	
14.9414	0.272522	
14.9673	0.28717	
14.9902	0.46936	
15.0101	0.386658	
15.065	0.91095	
15.0604	0.579224	
15.0986	0.787354	
15.1016	0.495911	
15.1398	0.431213	
15.1489	0.361328	
15.1794	0.30365	
15.1794	0.191345	
15.2069	1.44745	
15.1993	0.220337	
15.2069	0.292053	
15.2222	0.325012	
15.2161	0.148315	
15.2328	0.249939	
15.2206	0.227051	
15.2328	0.275879	
15.2069	0.302734	
15.2161	0.42572	
15.1901	0.770874	
15.1871	0.52124	
15.1627	0.714111	
15.1581	0.861816	
15.152	0.646057	
15.1459	0.690308	
15.1474	0.668945	
15.1245	0.58075	
15.1321	0.675964	
15.1108	0.653687	
15.1184	0.615845	
15.097	0.705566	
15.1108	0.658569	
15.1016	0.85144	
15.1047	0.513	
15.097	0.556946	
15.0894	0.487976	
15.0848	0.458679	
15.0681	0.419006	
15.0711	0.523682	
15.0436	0.297852	
15.0558	0.394897	
15.0436	0.392151	
15.0665	0.63324	
15.0452	0.204163	
15.0528	0.235901	
15.0467	0.1474	
15.0497	0.105286	
15.0482	0.0982666	
15.0391	-0.0357056	
15.0604	1.39862	
15.0345	0.00610352	
15.0513	0.0558472	
15.0345	-0.00915527	
15.0391	-0.105896	
15.0131	-0.154419	
15.0223	-0.118408	
15.004	-0.171204	
15.0024	-0.105896	
14.9841	-0.265198	
14.9689	-0.213623	
14.9658	-0.0680542	
14.946	0.143433	
14.9445	-0.180359	
14.9231	-0.159607	
14.9353	-0.188599	
14.9139	-0.180054	
14.9246	-0.267639	
14.9124	-0.0958252	
14.9078	-0.230713	
14.8926	-0.0515747	
14.888	-0.249634	
14.8834	-0.213318	
14.8743	-0.316772	
14.8849	-0.384827	
14.8712	-0.404663	
14.8941	1.05621	
14.8697	-0.389709	
14.8834	-0.222168	
14.8697	-0.252991	
14.8834	-0.38147	
14.8819	-0.391846	
14.8987	-0.372009	
14.8987	-0.419922	
14.92	1.06018	
14.9109	-0.305481	
14.9155	-0.140686	
14.9429	-0.192261	
14.9521	-0.327454	
15.004	-0.275879	
15.0269	-0.25238	
15.0925	-0.278625	
15.1245	-0.0900269	
15.1886	-0.135803	
15.2298	0.152588	
15.2771	-0.128479	
15.3198	-0.0869751	
15.358	-0.126953	
15.4053	-0.107422	
15.4221	-0.133667	
15.4648	-0.169678	
15.4678	-0.0982666	
15.5014	0.119934	
15.4907	-0.256653	
15.5197	-0.219116	
15.5106	-0.248108	
15.5258	-0.341797	
15.5365	0.246277	
15.5167	-0.299988	
15.5121	-0.0482178	
15.4938	-0.217285	
15.4907	-0.22583	
15.4587	-0.148315	
15.4663	-0.0088501	
15.4419	-0.0262451	
15.4678	0.286255	
15.4724	0.352173	
15.5411	0.742798	
15.593	0.587158	
15.6647	0.628967	
15.7288	0.67749	
15.7898	0.627747	
15.86	0.670471	
15.9073	0.395203	
15.9851	0.320129	
16.0248	0.250244	
16.0858	0.51178	
16.095	0.067749	
16.1362	0.06073	
16.1362	-0.0149536	
16.1545	-0.0479126	
16.1392	0.0415039	
16.1362	-0.176697	
16.1362	1.43768	
16.1163	0.0817871	
16.1057	0.329895	
16.0828	0.407104	
16.0675	0.274048	
16.0309	0.32196	
16.0217	0.375977	
15.9683	0.413208	
15.9485	0.34729	
15.9241	1.36383	
15.889	0.476074	
15.8569	0.7547	
15.8279	0.626221	
15.802	0.534363	
15.7684	0.549927	
15.7547	0.494385	
15.7196	0.493774	
15.6998	0.54657	
15.657	0.603027	
15.6403	0.458374	
15.596	0.552673	
15.5838	0.470276	
15.5594	0.770569	
15.5319	0.389099	
15.509	0.350647	
15.4861	0.333252	
15.4785	0.262451	
15.4602	0.204773	
15.4663	0.254211	
15.4449	-0.0195313	
15.4541	0.252991	
15.4266	0.138855	
15.4327	0.376892	
15.4022	0.0384521	
15.4068	0.0265503	
15.3854	-0.0506592	
15.3748	-0.0259399	
15.3625	-0.0695801	
15.3458	-0.163879	
15.361	0.810242	
15.3183	-0.104675	
15.3214	0.144958	
15.2863	-0.0396729	
15.2817	-0.140381	
15.2542	-0.120544	
15.2603	-0.176392	
15.239	-0.17334	
15.2313	-0.240479	
15.2374	0.47699	
15.2115	-0.202332	
15.2069	0.010376	
15.1901	-0.171509	
15.1947	-0.290222	
15.1764	-0.282288	
15.1932	-0.280762	
15.1718	-0.300903	
15.181	-0.471802	
15.1642	-0.304871	
15.1718	-0.244446	
15.1566	-0.0491333	
15.152	-0.339355	
15.1459	-0.299377	
15.1367	-0.350647	
15.1413	-0.258179	
15.1184	-0.306091	
15.1062	-0.167236	
15.1001	-0.21637	
15.1184	0.0488281	
15.0879	-0.322571	
15.1062	-0.297852	
15.0818	-0.170898	
15.0925	-0.18219	
15.097	-0.354919	
15.0925	-0.176392	
15.0925	-0.266418	
15.0879	-0.0292969	
15.0894	-0.308533	
15.0696	-0.315552	
15.0848	-0.35553	
15.0665	-0.263977	
15.0787	-0.422058	
15.0589	-0.288086	
15.065	-0.171814	
15.0635	0.062561	
15.0635	-0.321655	
15.0543	-0.272827	
15.0497	-0.244141	
15.0497	-0.327148	
15.0314	0.440063	
15.0452	-0.30304	
15.033	-0.181274	
15.0543	-0.125122	
15.0314	-0.293274	
15.0452	-0.341797	
15.033	-0.273438	
15.0421	-0.440369	
15.033	-0.332336	
15.036	-0.345154	
15.0406	-0.0930786	
15.0299	-0.410461	
15.0406	-0.371094	
15.0253	-0.367126	
15.0375	-0.409241	
15.0284	0.908813	
15.0375	-0.308838	
15.0223	-0.198059	
15.036	-0.194092	
15.0208	-0.332336	
15.0269	-0.293579	
15.0192	-0.312195	
15.0192	-0.282593	
15.0208	-0.178833	
15.007	-0.271606	
15.0192	-0.112305	
15.0085	0.00762939	
15.0238	-0.236511	
15.0101	-0.221863	
15.0284	-0.258179	
15.0177	-0.374146	
15.0467	-0.261536	
15.062	-0.272827	
15.0955	-0.292664	
15.1291	-0.263672	
15.1581	-0.19104	
15.2023	0.13916	
15.2206	-0.258789	
15.2664	-0.236206	
15.2802	-0.266418	
15.3275	-0.232849	
15.3305	-0.263367	
15.3671	-0.19043	
15.3717	-0.307007	
15.4007	-0.126953	
15.4129	-0.109253	
15.419	0.104065	
15.4236	-0.134888	
15.419	-0.162048	
15.4266	-0.1651	
15.4083	-0.196838	
15.4251	-0.209045	
15.4068	-0.134583	
15.4144	-0.209351	
15.4114	-0.0726318	
15.4114	-0.101013	
15.3992	0.157166	
15.3961	-0.188293	
15.3839	-0.172424	
15.3702	-0.218506	
15.3687	-0.212402	
15.3519	-0.233459	
15.3687	-0.316772	
15.3641	0.719299	
15.3793	-0.21759	
15.3595	-0.122986	
15.3702	-0.0375366	
15.3442	-0.24292	
15.3473	-0.351868	
15.3351	-0.320435	
15.3305	-0.339966	
15.3275	-0.365601	
15.329	1.10931	
15.332	-0.280457	
15.3137	-0.157471	
15.3305	-0.128479	
15.3046	-0.296936	
15.3229	-0.247192	
15.3061	-0.302734	
15.3168	-0.262146	
15.2985	-0.348206	
15.3015	-0.169373	
15.2985	-0.166626	
15.2969	0.0619507	
15.3061	-0.220032	
15.2985	-0.281982	
15.3137	-0.241394	
15.3015	-0.326843	
15.3229	-0.231628	
15.3122	-0.413513	
15.3366	-0.184021	
15.3305	-0.276794	
15.3488	-0.0143433	
15.3366	-0.38269	
15.3412	-0.378113	
15.3412	-0.41626	
15.3366	-0.444946	
15.3442	-0.338135	
15.3259	-0.468445	
15.3427	-0.19104	
15.3183	-0.398254	
15.3397	-0.0939941	
15.3137	-0.305176	
15.3168	-0.408325	
15.2924	-0.570984	
15.2893	-0.213928	
15.2725	-0.440063	
15.2634	-0.460815	
15.2771	0.949707	
15.2618	-0.723877	
15.2725	-0.314941	
15.2557	-0.230713	
15.2603	-0.437012	
15.2359	-0.386353	
15.2542	-0.40741	
15.2405	-0.348816	
15.2573	-0.393677	
15.2618	1.08521	
15.2527	-0.381775	
15.2512	-0.125427	
15.2512	-0.248718	
15.2588	-0.220337	
15.2527	-0.426331	
15.2679	-0.444641	
15.2557	-0.39917	
15.2756	-0.489502	
15.2618	-0.218506	
15.2786	-0.252686	
15.2618	-0.195313	
15.274	0.103149	
15.2573	-0.224915	
15.2557	-0.192566	
15.2542	-0.250854	
15.2496	-0.321045	
15.2573	-0.220032	
15.2435	-0.388184	
15.2527	-0.172729	
15.2451	-0.207214	
15.2786	0.0308228	
15.2725	-0.0753784	
15.3152	0.131836	
15.3397	0.244446	
15.4022	0.365906	
15.4587	0.437012	
15.5319	0.524902	
15.6174	1.10321	
15.6891	0.613098	
15.7822	0.568237	
15.8508	0.660095	
15.9332	0.340271	
15.9744	0.227966	
16.0477	0.250854	
16.0751	0.172119	
16.1316	0.181885	
16.1469	0.0970459	
16.2018	1.2265	
16.2048	0.22583	
16.2216	0.402832	
16.243	0.346375	
16.2338	0.194397	
16.2567	0.286255	
16.2506	0.310059	
16.2674	0.28595	
16.246	0.308838	
16.2506	0.542908	
16.2216	0.441589	
16.2247	0.555725	
16.2018	0.858459	
16.1789	0.532532	
16.153	0.539551	
16.1224	0.458374	
16.1072	0.535889	
16.0675	0.460815	
16.0583	1.46698	
16.0126	0.504456	
16.0034	0.58075	
15.9637	0.613098	
15.9546	0.354004	
15.9195	0.369568	
15.9103	0.310059	
15.8829	0.354919	
15.8676	0.163879	
15.86	0.256653	
15.8417	0.316467	
15.8417	0.573425	
15.8081	0.119019	
15.8188	0.150452	
15.7928	0.0109863	
15.8005	0.0491333	
15.7776	-0.0924683	
15.7913	-0.022583	
15.7715	-0.0442505	
15.7791	0.14801	
15.7623	-0.119324	
15.7547	-0.142212	
15.7516	-0.204773	
15.7349	-0.242615	
15.7425	-0.135803	
15.7181	-0.0958252	
15.7272	-0.224304	
15.6937	-0.146179	
15.7257	-0.00854492	
15.6967	-0.334167	
15.7074	-0.275269	
15.6921	-0.334167	
15.6891	-0.233459	
15.6845	-0.369263	
15.6723	-0.184631	
15.6799	-0.223389	
15.6601	0.0421143	
15.6677	-0.329895	
15.6372	-0.369873	
15.6464	-0.31311	
15.6128	-0.364075	
15.6189	-0.2771	
15.5945	-0.421448	
15.5945	-0.378723	
15.5823	-0.317688	
15.5792	-0.057373	
15.5716	-0.345459	
15.564	-0.429688	
15.5777	-0.393372	
15.5594	-0.466003	
15.5762	-0.300293	
15.5548	-0.452576	
15.5731	-0.28595	
15.5609	-0.359192	
15.5853	-0.118103	
15.5701	-0.349731	
15.5762	-0.392456	
15.5716	-0.368347	
15.5655	-0.380249	
15.5685	-0.372314	
15.5579	-0.444031	
15.5823	1.09924	
15.5487	-0.328674	
15.5594	-0.180664	
15.538	-0.184631	
15.5487	-0.348816	
15.535	-0.355835	
15.5411	-0.375366	
15.5304	-0.372009	
15.5319	-0.39917	
15.5396	-0.426941	
15.5426	0.596619	
15.5502	-0.331421	
15.5457	-0.259705	
15.564	-0.111084	
15.5457	-0.400085	
15.564	-0.336609	
15.5441	-0.349121	
15.5594	-0.366516	
15.5441	-0.35553	
15.5472	-0.35614	
15.5533	0.591125	
15.5426	-0.30426	
15.5426	-0.152588	
15.5304	-0.0576782	
15.5289	-0.368347	
15.509	-0.355225	
15.5243	-0.375061	
15.5014	-0.389404	
15.5167	-0.375977	
15.4984	-0.435486	
15.5167	0.929871	
15.4968	-0.313416	
15.4999	-0.176697	
15.4984	-0.107422	
15.4877	-0.39856	
15.4938	-0.383301	
15.4816	-0.420532	
15.4938	-0.372925	
15.4816	-0.353088	
15.5014	-0.295105	
15.4846	-0.40802	
15.4999	-0.303955	
15.4938	-0.00183105	
15.4968	-0.417175	
15.4846	-0.362854	
15.4892	-0.440674	
15.4938	-0.421753	
15.4846	-0.340881	
15.5106	1.05164	
15.4846	-0.43396	
15.5106	-0.245056	
15.4953	-0.282593	
15.5151	-0.421448	
15.5106	-0.450439	
15.535	-0.412292	
15.5334	-0.353088	
15.5396	-0.45929	
15.5396	-0.345459	
15.5487	-0.309448	
15.5685	0.0149536	
15.564	-0.410767	
15.5701	-0.329285	
15.5594	-0.340881	
15.6097	-0.231628	
15.5991	-0.327759	
15.6631	0.525513	
15.6494	0.00549316	
15.6982	0.211792	
15.7257	0.116882	
15.7745	0.0985718	
15.8035	0.177612	
15.8478	0.168457	
15.8951	0.115967	
15.947	1.2738	
15.9927	0.13855	
16.0065	0.211182	
16.0477	0.359802	
16.0294	0.0552368	
16.0629	0.0228882	
16.0858	0.0817871	
16.1499	-0.0875854	
16.1469	0.923462	
16.1865	0.139465	
16.2323	0.345764	
16.2659	0.430603	
16.2643	0.167236	
16.2735	0.275574	
16.2552	0.149841	
16.304	0.0915527	
16.3254	0.871887	
16.3666	0.21698	
16.423	0.289307	
16.4673	0.441589	
16.4734	0.302734	
16.5146	0.387878	
16.6214	0.432129	
16.745	0.656433	
16.832	0.693054	
16.9037	0.794373	
16.9098	0.880737	
16.9983	1.12823	
17.07	0.708008	
17.1402	0.690613	
17.1829	0.6427	
17.2562	0.610352	
17.2928	0.505676	
17.3096	0.748901	
17.3111	0.670471	
17.3096	0.880432	
17.3157	0.699463	
17.3447	0.637207	
17.4164	0.628052	
17.4057	0.626526	
17.4515	0.736694	
17.5079	0.583801	
17.5125	0.718384	
17.5034	0.792847	
17.6041	1.05469	
17.5705	0.614014	
17.5781	0.574341	
17.5858	0.595703	
17.5827	0.592651	
17.569	0.715637	
17.543	0.541687	
17.5507	0.667725	
17.5598	0.688171	
17.5262	1.00311	
17.5018	0.561218	
17.4683	0.516052	
17.4042	0.460205	
17.337	0.425415	
17.3584	0.544434	
17.392	0.314026	
17.2745	0.495911	
17.2287	0.413818	
17.2104	0.678406	
17.16	0.296326	
17.1402	0.302429	
17.067	0.266418	
17.0685	0.194397	
17.0685	0.0942993	
16.9968	0.514832	
16.9632	0.12146	
16.9556	0.184937	
16.9083	0.359802	
16.8808	0.00488281	
16.8579	0.0100708	
16.8411	-0.045166	
16.8274	0.0564575	
16.7725	-0.120544	
16.7847	0.247192	
16.713	-0.062561	
16.6931	0.129395	
16.6595	-0.0698853	
16.6321	-0.113831	
16.6199	-0.154419	
16.597	-0.200195	
16.5833	-0.238953	
16.5604	0.474854	
16.5573	-0.173645	
16.5298	-0.0439453	
16.5329	0.0411987	
16.4978	-0.237122	
16.5024	-0.234375	
16.4703	-0.225525	
16.4673	-0.275269	
16.4642	1.06995	
16.452	-0.25116	
16.4047	-0.0628662	
16.3147	-0.0784302	
16.4963	-0.257874	
16.452	-0.301208	
16.4536	-0.281677	
16.4093	-0.377502	
16.4291	1.14532	
16.394	-0.296936	
16.4139	-0.130615	
16.4108	-0.161743	
16.4261	-0.367432	
16.4261	-0.300903	
16.4291	-0.33844	
16.4398	-0.27771	
16.4322	-0.386963	
16.4368	-0.195618	
16.4169	-0.1474	
16.4185	-0.4953	
16.3986	-0.411377	
16.3864	-0.453796	
16.333	-0.526428	
16.3269	-0.335388	
16.3208	-0.421753	
16.33	-0.078125	
16.3315	-0.527344	
16.3269	-0.548706	
16.3437	-0.462036	
16.333	-0.552673	
16.3773	1.06201	
16.3544	-0.400085	
16.3666	-0.177307	
16.3589	-0.237427	
16.3849	-0.427246	
16.3849	-0.441589	
16.3956	-0.506592	
16.4063	-0.618286	
16.4307	-0.548401	
16.4536	-0.624084	
16.4719	-0.401611	
16.4917	-0.451965	
16.4902	-0.172729	
16.5192	-0.466309	
16.4856	-0.46936	
16.5054	-0.471191	
16.4795	-0.526428	
16.4734	-0.600586	
16.4581	-0.214233	
16.4551	-0.542603	
16.4597	-0.412903	
16.4551	-0.154724	
16.4642	-0.422974	
16.4566	-0.424805	
16.4825	-0.390015	
16.4886	-0.345459	
16.5344	-0.364685	
16.5634	-0.124817	
16.6046	-0.102234	
16.6412	0.163269	
16.6962	0.0585938	
16.7221	0.0390625	
16.748	0.0186157	
16.7725	0.039978	
16.7816	-0.067749	
16.8213	0.768127	
16.8137	-0.00244141	
16.835	0.127258	
16.8182	0.221252	
16.8457	-0.0405884	
16.8625	-0.0946045	
16.8381	-0.0967407	
16.8274	-0.0671387	
16.8167	0.000305176	
16.806	-0.157166	
16.7908	0.186462	
16.7831	0.323486	
16.7664	-0.13855	
16.7786	-0.161743	
16.7358	-0.175171	
16.7419	-0.223999	
16.7343	1.22345	
16.7053	-0.114746	
16.7007	0.0534058	
16.7267	0.0827026	
16.745	0.0286865	
16.7755	0.109558	
16.832	0.195313	
16.8747	0.129089	
16.9739	0.194702	
16.98	0.299377	
17.041	0.533447	
17.0517	0.162964	
17.0944	0.204773	
17.1021	0.194702	
17.1326	0.0909424	
17.1371	0.158691	
17.16	0.171204	
17.1631	0.487671	
17.1432	0.0872803	
17.1158	0.119324	
17.1616	0.228577	
17.1799	0.0866699	
17.1555	0.167847	
17.128	0.200195	
17.0929	0.453186	
17.1082	0.100708	
17.1249	0.0808716	
17.0776	0.242615	
17.0593	0.00366211	
17.0547	0.0454712	
17.0502	0.187683	
16.9754	0.432434	
16.951	0.039978	
16.9357	0.00274658	
16.925	0.0839233	
16.9037	-0.10498	
16.9144	-0.0167847	
16.8732	0.00823975	
16.8808	0.339661	
16.7969	-0.161438	
16.8442	-0.104675	
16.8213	-0.0994873	
16.8259	-0.316467	
16.8152	-0.157166	
16.7908	-0.113831	
16.7892	0.12085	
16.7557	-0.213928	
16.7664	-0.200195	
16.7343	-0.159912	
16.7404	-0.314026	
16.6946	-0.240479	
16.7374	-0.257263	
16.7297	-0.0595093	
16.7389	-0.39032	
16.7328	-0.401611	
16.7297	-0.449524	
16.745	-0.454712	
16.7267	0.626526	
16.7419	-0.333862	
16.7191	-0.23407	
16.7358	-0.207825	
16.7145	-0.39032	
16.7191	-0.397949	
16.7053	-0.29541	
16.713	-0.401306	
16.6962	-0.111084	
16.6931	-0.302124	
16.6718	-0.102539	
16.6611	-0.315552	
16.6489	-0.230103	
16.6122	-0.297241	
16.6473	-0.109253	
16.6061	-0.288086	
16.6077	-0.153503	
16.571	-0.147705	
16.5878	0.0238037	
16.5665	-0.230408	
16.5604	-0.169983	
16.5482	-0.276794	
16.5466	-0.203857	
16.5436	-0.368042	
16.5283	-0.41687	
16.5329	-0.314026	
16.5131	-0.211792	
16.5207	-0.491333	
16.4978	-0.503235	
16.5054	-0.411377	
16.481	-0.540771	
16.4978	-0.312195	
16.4627	-0.371704	
16.4627	-0.145874	
16.4551	-0.345154	
16.4505	-0.383911	
16.4612	-0.374451	
16.452	-0.389099	
16.4719	1.12457	
16.4413	-0.25116	
16.4551	-0.0817871	
16.4291	-0.169678	
16.4474	-0.21759	
16.4337	-0.252075	
16.4597	-0.296936	
16.478	1.11328	
16.478	-0.180664	
16.4886	-0.0454712	
16.5009	-0.141602	
16.5253	-0.163574	
16.5237	-0.198975	
16.5405	-0.185242	
16.539	0.0201416	
16.5482	-0.0610352	
16.5375	0.0546265	
16.5558	-0.183716	
16.5466	-0.196533	
16.5604	-0.116882	
16.5558	-0.22583	
16.568	-0.153809	
16.5833	-0.10498	
16.5924	0.0616455	
16.6153	-0.253296	
16.6153	-0.264587	
16.6473	-0.157776	
16.6458	0.0405884	
16.687	-0.245667	
16.6885	-0.116272	
16.7191	-0.0442505	
16.716	-0.165405	
16.7328	-0.115662	
16.7389	-0.217896	
16.7618	0.406799	
16.7542	-0.10376	
16.7496	0.0283813	
16.7755	-0.206299	
16.774	-0.319519	
16.8045	-0.265808	
16.8091	-0.255432	
16.8427	0.657043	
16.8411	-0.201111	
16.8732	-0.0308228	
16.8747	-0.06073	
16.8747	-0.227661	
16.8732	-0.202026	
16.8625	-0.275574	
16.8671	-0.311584	
16.8503	-0.313416	
16.8594	-0.308838	
16.835	-0.292664	
16.8335	-0.360718	
16.8198	1.14044	
16.806	-0.315857	
16.7862	-0.236816	
16.7892	-0.266113	
16.777	-0.429688	
16.7557	-0.388489	
16.7404	-0.394592	
16.7114	-0.391846	
16.7023	-0.451355	
16.6672	-0.441895	
16.6687	0.0805664	
16.6275	-0.326233	
16.626	-0.171204	
16.5955	-0.0552368	
16.5863	-0.408325	
16.5573	-0.320435	
16.5436	-0.446167	
16.5283	-0.464478	
16.5131	-0.39093	
16.5314	-0.324402	
16.5161	-0.271301	
16.5649	-0.13916	
16.5512	-0.0860596	
16.5649	0.0686646	
16.5573	-0.244446	
16.5695	-0.282593	
16.5588	-0.291443	
16.5726	-0.390625	
16.5741	-0.213013	
16.5833	-0.325623	
16.5939	-0.124512	
16.5894	-0.088501	
16.6107	0.140381	
16.597	-0.195313	
16.6153	-0.170898	
16.6183	-0.236206	
16.6656	-0.219116	
16.6855	-0.238953	
16.7511	0.939331	
16.7847	-0.179443	
16.8335	0.0283813	
16.8823	0.0845337	
16.9189	-0.250854	
16.9724	-0.158081	
17.0029	-0.213623	
17.0532	-0.102539	
17.0715	-0.187073	
17.1204	-0.140381	
17.131	-0.0549316	
17.1722	0.306702	
17.186	0.110168	
17.2241	0.167236	
17.2531	0.270081	
17.2958	0.326843	
17.3431	0.384521	
17.3889	0.535889	
17.4484	0.420227	
17.5003	0.48584	
17.5644	0.592957	
17.5964	0.880127	
17.6437	0.378113	
17.659	0.275574	
17.7017	0.315552	
17.7124	0.223694	
17.7383	0.238953	
17.7597	0.218506	
17.7628	0.175781	
17.7765	1.17737	
17.7612	0.317993	
17.7704	0.480347	
17.7521	0.618286	
17.7383	0.346985	
17.7002	0.386963	
17.6865	0.374451	
17.6468	0.378418	
17.6224	0.38269	
17.5842	0.427246	
17.5537	0.478516	
17.5186	0.354004	
17.482	0.565186	
17.4667	0.512695	
17.4271	0.767822	
17.4103	0.492249	
17.366	0.453186	
17.3538	0.422974	
17.3172	0.413818	
17.3065	0.407715	
17.2745	0.332031	
17.2562	0.337219	
17.2318	0.323792	
17.2272	1.41388	
17.1951	0.320129	
17.1646	0.495911	
17.1646	0.485535	
17.1219	0.297852	
17.1265	0.304565	
17.0898	0.210571	
17.0898	0.178833	
17.0609	0.180054	
17.0532	0.249023	
17.0303	0.103455	
17.0197	0.208435	
17.009	0.32135	
16.9998	0.680847	
17.012	0.417786	
17.0135	0.52063	
17.0547	0.648193	
17.0807	0.652771	
17.1494	0.697327	
17.1936	0.728455	
17.2684	0.709534	
17.334	2.20093	
17.3874	0.788574	
17.4469	0.906067	
17.4988	0.903931	
17.5522	0.662842	
17.5827	0.594177	
17.6346	0.576172	
17.6437	0.514526	
17.6804	0.550537	
17.6788	0.461731	
17.7261	1.20026	
17.6926	0.605164	
17.7002	0.820313	
17.6819	0.755615	
17.6666	0.636292	
17.6514	0.65094	
17.627	0.6427	
17.6086	0.621338	
17.569	0.735474	
17.5583	0.668945	
17.5247	0.838318	
17.5064	0.809326	
17.4713	1.0199	
17.4561	0.796204	
17.4149	0.744019	
17.3981	0.742798	
17.3691	0.701904	
17.3355	0.704651	
17.308	0.785522	
17.2714	0.656738	
17.2577	0.813293	
17.215	0.814514	
17.215	1.12091	
17.1799	0.87677	
17.1814	0.85022	
17.157	0.875854	
17.1509	0.792236	
17.1341	0.805969	
17.1341	0.833435	
17.128	0.739746	
17.1188	0.769043	
17.1112	0.748901	
17.0975	0.916443	
17.1036	0.721436	
17.0837	0.646362	
17.0914	0.621338	
17.0624	0.479736	
17.067	0.481567	
17.0364	0.419617	
17.0319	0.55603	
17.0135	0.559387	
16.9998	0.621338	
16.9891	0.490417	
16.9693	0.399475	
16.9785	0.466003	
16.9724	0.556335	
17.0013	0.618591	
17.0181	1.4563	
17.0776	0.746155	
17.1173	0.895996	
17.1997	0.988464	
17.2653	0.772095	
17.3492	0.831604	
17.4286	0.777893	
17.4973	0.655212	
17.5598	0.643005	
17.6117	2.0755	
17.6529	0.614929	
17.6712	0.723877	
17.7139	0.776367	
17.7124	0.560913	
17.7383	0.621338	
17.7261	0.586548	
17.7338	0.596924	
17.72	0.568542	
17.7216	1.90186	
17.6987	0.739441	
17.6758	0.922852	
17.6712	1.11664	
17.6483	0.846558	
17.6651	0.944519	
17.6559	0.881958	
17.6788	0.97229	
17.6788	1.00189	
17.749	0.986023	
17.7933	1.61499	
17.8345	1.06232	
17.8558	1.14807	
17.8925	1.35651	
17.8955	0.999451	
17.8925	1.05316	
17.9123	1.01013	
17.8955	0.969543	
17.9123	1.00891	
17.8879	0.907593	
17.9108	1.65192	
17.8619	1.01196	
17.8497	1.14075	
17.8116	1.04004	
17.7841	0.836792	
17.7505	0.856018	
17.7078	0.778809	
17.6895	0.800171	
17.6346	0.767212	
17.6193	0.737305	
17.5934	2.35168	
17.5629	0.790405	
17.5247	0.890808	
17.5125	0.943298	
17.4698	0.669556	
17.4591	0.652466	
17.4225	0.684204	
17.3965	0.604248	
17.3798	0.614319	
17.3386	0.499573	
17.3401	1.34186	
17.276	0.592651	
17.2531	0.782471	
17.2211	0.674133	
17.2058	0.547485	
17.1585	0.462952	
17.1661	0.406189	
17.1692	0.387573	
17.0822	0.480042	
17.1356	0.369873	
17.0914	0.52002	
17.0547	0.474243	
17.041	0.599976	
17.0319	0.419617	
16.9937	0.329895	
17.0273	0.322571	
16.9693	0.264893	
16.9739	0.245972	
16.9327	0.32074	
16.9312	0.180969	
16.9098	0.223083	
16.8991	0.264282	
16.8839	0.540466	
16.8854	0.0906372	
16.8488	0.191345	
16.8411	0.130615	
16.8488	0.0930786	
16.8777	0.159302	
16.864	-0.00457764	
16.8243	0.0979614	
16.832	0.172729	
16.803	0.409241	
16.7877	0.0112915	
16.7419	0.0372314	
16.7618	-0.0131226	
16.7465	0.00274658	
16.7908	0.00549316	
16.6946	0.0592041	
16.7664	-0.015564	
16.7389	0.131531	
16.7328	0.328064	
16.7267	-0.00213623	
16.713	-0.0344849	
16.7496	-0.0775146	
16.7206	0.0765991	
16.7267	-0.0949097	
16.7343	0.151367	
16.7389	0.0317383	
16.7389	0.24353	
16.7236	-0.00762939	
16.7328	-0.00427246	
16.7282	-0.0537109	
16.7267	-0.085144	
16.7114	-0.0985718	
16.7358	-0.272827	
16.7053	-0.173035	
16.716	-0.0958252	
16.6992	0.148621	
16.7007	-0.210266	
16.7007	-0.106201	
16.6901	-0.166016	
16.6962	-0.0326538	
16.6946	-0.131226	
16.7145	0.339661	
16.713	-0.0170898	
16.7542	0.090332	
16.7725	0.240479	
16.7984	-0.0112915	
16.7953	0.0741577	
16.8137	-0.137939	
16.8106	-0.03479	
16.8381	-0.18158	
16.8579	-0.0363159	
16.8411	-0.0772095	
16.8732	0.164185	
16.8671	-0.0726318	
16.8747	-0.0900269	
16.8549	-0.169373	
16.864	-0.191956	
16.8365	-0.0827026	
16.8564	-0.246582	
16.832	-0.142212	
16.8427	-0.0393677	
16.8228	0.232239	
16.8182	-0.137024	
16.7908	-0.137634	
16.777	-0.198059	
16.7633	-0.213623	
16.748	-0.23468	
16.748	-0.359497	
16.7236	-0.268555	
16.7282	-0.261536	
16.7023	0.0164795	
16.7038	-0.301819	
16.6718	-0.323181	
16.6779	-0.2948	
16.6611	-0.341492	
16.6656	-0.246887	
16.6595	-0.341492	
16.6565	-0.145569	
16.6626	-0.126038	
16.6473	0.128174	
16.655	-0.132446	
16.6275	-0.178833	
16.6473	-0.180054	
16.6458	-0.187073	
16.6351	-0.234375	
16.6168	-0.272217	
16.6275	0.3302	
16.6275	0.354919	
16.6275	0.354919	
16.6275	0.354919	
16.6275	0.354919	
16.6275	0.354919	
16.6275	0.354919	
16.6275	0.354919	
16.6275	0.354919	
16.6275	0.354919	
16.6275	0.354919	
16.6275	0.354919	
16.6275	0.354919	
16.6275	0.354919	
16.6275	0.354919	
16.6275	0.354919	
16.6275	0.354919	
16.6275	0.354919	
16.6275	0.354919	
16.6275	0.354919	
16.6275	0.354919	
16.6275	0.354919	
16.6275	0.354919	
16.6275	0.354919	
16.6275	0.354919	
16.6275	0.354919	
16.6275	0.354919	
16.6275	0.354919	
16.6275	0.354919	
16.6275	0.354919	
16.6275	0.354919	
16.6275	0.354919	
16.6275	0.354919	
16.6275	0.354919	
16.6275	0.354919	
16.6275	0.354919	
16.6275	0.354919	
16.6275	0.354919	
16.6275	0.354919	
16.6275	0.354919	
16.6275	0.354919	
16.6275	0.354919	
16.6275	0.354919	
16.6275	0.354919	
16.6275	0.354919	
16.6275	0.354919	
16.6275	0.354919	
16.6275	0.354919	
16.6275	0.354919	
16.6275	0.354919	
16.6275	0.354919	
16.6275	0.354919	
16.6275	0.354919	
16.6275	0.354919	
16.6275	0.354919	
16.6275	0.354919	
16.6275	0.354919	
16.6275	0.354919	
16.6275	0.354919	
16.6275	0.354919	
16.6275	0.354919	
16.6275	0.354919	
16.6275	0.354919	
16.6275	0.354919	
16.6275	0.354919	
16.6275	0.354919	
16.6275	0.354919	
16.6275	0.354919	
16.6275	0.354919	
16.6275	0.354919	
16.6275	0.354919	
16.6275	0.354919	
16.6275	0.354919	
16.6275	0.354919	
16.6275	0.354919	
16.6275	0.354919	
16.6275	0.354919	
16.6275	0.354919	
16.6275	0.354919	
16.6275	0.354919	
16.6275	0.354919	
16.6275	0.354919	
16.6275	0.354919	
16.6275	0.354919	
16.6275	0.354919	
16.6275	0.354919	
16.6275	0.354919	
16.6275	0.354919	
16.6275	0.354919	
